0.3321533203125   0.309112548828125
0.27313232421875   -0.173736572265625
0.228973388671875   -0.4693603515625
0.457305908203125   -0.016357421875
0.287994384765625   -0.262725830078125
0.0921630859375   -0.2784423828125
-0.290557861328125   -0.757781982421875
0.275726318359375   0.48345947265625
0.05267333984375   -0.451507568359375
0.255950927734375   0.180511474609375
0.024139404296875   0.053802490234375
0.0283203125   0.1202392578125
0.26019287109375   0.3841552734375
0.034027099609375   0.043731689453125
-0.303802490234375   -0.021148681640625
-0.1180419921875   0.28497314453125
-0.179901123046875   0.135528564453125
0.04986572265625   0.25201416015625
-0.40008544921875   0.23077392578125
0.049224853515625   0.11529541015625
-0.248565673828125   -0.095001220703125
0.36029052734375   0.270416259765625
0.559112548828125   0.275299072265625
-0.2501220703125   0.66131591796875
0.182525634765625   -0.171844482421875
0.06072998046875   0.171051025390625
-0.478424072265625   0.089080810546875
-0.2646484375   0.24969482421875
0.3511962890625   -0.02947998046875
0.382415771484375   0.183837890625
-0.02728271484375   -0.623504638671875
-0.065826416015625   0.235992431640625
-0.0341796875   0.651611328125
-0.4561767578125   -0.03851318359375
-0.02215576171875   -0.078033447265625
0.09893798828125   -0.028167724609375
-0.181488037109375   0.33233642578125
0.263580322265625   -0.202484130859375
-0.029266357421875   -0.264068603515625
-0.05084228515625   0.014129638671875
0.0941162109375   0.04705810546875
0.215545654296875   -0.16766357421875
0.050079345703125   0.0545654296875
0.44024658203125   -0.053466796875
0.178314208984375   0.028594970703125
-0.050689697265625   0.236846923828125
-0.12139892578125   -0.017303466796875
-0.57464599609375   -0.34478759765625
-0.13018798828125   -0.2900390625
0.196197509765625   0.242156982421875
0.240570068359375   -0.107574462890625
0.06622314453125   -0.170654296875
0.38037109375   -0.608612060546875
-0.08734130859375   -0.167938232421875
0.0687255859375   0.2049560546875
0.07073974609375   -0.10009765625
-0.5462646484375   -0.27935791015625
0.314727783203125   0.567596435546875
-0.294708251953125   -0.13787841796875
-0.361114501953125   -0.242218017578125
-0.28302001953125   0.410400390625
-0.11407470703125   -0.439910888671875
-0.3807373046875   0.108795166015625
0.083160400390625   0.028411865234375
-0.31646728515625   0.234771728515625
-0.144866943359375   0.02850341796875
0.37005615234375   0.54510498046875
-0.087890625   0.208343505859375
-0.418548583984375   -0.142059326171875
-0.193267822265625   0.24859619140625
-0.059844970703125   -0.095062255859375
-0.315704345703125   0.32763671875
-0.061309814453125   0.36053466796875
0.34661865234375   0.2127685546875
0.359375   0.317138671875
-0.6822509765625   -0.100433349609375
0.408721923828125   0.135406494140625
-0.139495849609375   -0.220855712890625
-0.1861572265625   -0.402557373046875
0.107391357421875   -0.443389892578125
-0.487213134765625   -0.00335693359375
0.0364990234375   0.13720703125
-0.212860107421875   0.313385009765625
-0.0592041015625   0.007354736328125
-0.067108154296875   -0.365325927734375
-0.08990478515625   0.132537841796875
0.105438232421875   -0.217498779296875
-0.259735107421875   -0.220703125
0.275604248046875   -0.30926513671875
0.31719970703125   -0.0406494140625
-0.264892578125   -0.21966552734375
0.2030029296875   -0.221923828125
-0.197601318359375   0.365203857421875
-0.6260986328125   -0.025726318359375
-0.22662353515625   -0.14276123046875
-0.394287109375   -0.03546142578125
-0.11138916015625   0.318817138671875
-0.44049072265625   -0.10546875
-0.0877685546875   -0.61285400390625
0.19927978515625   -0.168121337890625
0.150482177734375   -0.35797119140625
0.22259521484375   -0.182220458984375
-0.17852783203125   -0.079864501953125
-0.056976318359375   0.4339599609375
-0.058502197265625   -0.09375
0.19366455078125   0.581939697265625
-0.0267333984375   -0.664337158203125
-0.13909912109375   -0.16632080078125
-0.33770751953125   -0.0615234375
0.108306884765625   -0.037353515625
-0.1844482421875   0.10504150390625
-0.383331298828125   -0.590301513671875
-0.21923828125   0.00531005859375
0.012603759765625   0.052490234375
0.3621826171875   0.060791015625
0.432037353515625   0.137847900390625
0.117401123046875   -0.200592041015625
-0.2598876953125   -0.42120361328125
-0.455810546875   -0.335723876953125
-0.5452880859375   -0.221527099609375
-0.247039794921875   -0.01141357421875
0.687103271484375   -0.07037353515625
0.3359375   -0.207550048828125
0.040191650390625   0.00396728515625
0.208343505859375   0.0968017578125
-0.315765380859375   0.02703857421875
-0.13446044921875   0.098907470703125
-0.279144287109375   -0.6461181640625
0.047760009765625   0.13995361328125
0.4283447265625   0.209228515625
0.317169189453125   -0.16143798828125
-0.459075927734375   0.174102783203125
-0.07489013671875   -0.10626220703125
-0.063629150390625   0.28302001953125
0.045166015625   -0.1842041015625
-0.131256103515625   0.2479248046875
-0.28094482421875   0.2841796875
0.039459228515625   -0.092926025390625
-0.12225341796875   -0.44580078125
-0.178741455078125   -0.589141845703125
0.455718994140625   -0.0595703125
-0.318389892578125   -0.418060302734375
-0.113983154296875   0.209686279296875
-0.257080078125   0.28570556640625
0.272491455078125   0.40863037109375
0.12408447265625   -0.443634033203125
0.055511474609375   -0.098663330078125
0.038909912109375   0.214630126953125
-0.165008544921875   -0.01373291015625
0.53741455078125   0.3428955078125
-0.034912109375   0.1282958984375
0.665863037109375   0.45989990234375
-0.420440673828125   -0.02789306640625
-0.087615966796875   -0.06304931640625
0.101898193359375   0.0653076171875
-0.25750732421875   -0.033905029296875
-0.20599365234375   -0.399932861328125
-0.298095703125   -0.024261474609375
-0.10784912109375   -0.235015869140625
-0.036895751953125   0.2779541015625
0.107940673828125   0.102813720703125
0.368072509765625   0.059478759765625
0.07806396484375   -0.06695556640625
-0.0087890625   -0.008819580078125
0.2418212890625   0.23919677734375
0.3319091796875   0.065521240234375
0.269775390625   0.035400390625
0.239898681640625   -0.171661376953125
0.155853271484375   -0.202789306640625
0.494110107421875   -0.206390380859375
-0.08453369140625   0.016876220703125
0.0101318359375   0.2801513671875
0.127655029296875   -0.178802490234375
-0.353302001953125   -0.00372314453125
0.049530029296875   0.2711181640625
0.126251220703125   -0.078826904296875
-0.2115478515625   -0.12451171875
-0.06866455078125   -0.114105224609375
0.3697509765625   0.222320556640625
-0.0311279296875   0.23858642578125
0.083740234375   -0.137359619140625
0.39239501953125   0.32208251953125
-0.056427001953125   0.15936279296875
-0.30291748046875   -0.007476806640625
0.19964599609375   0.01104736328125
-0.11871337890625   -0.06463623046875
0.189483642578125   0.14654541015625
-0.2259521484375   0.15032958984375
-0.219085693359375   0.04296875
0.328338623046875   0.43975830078125
0.07672119140625   0.0931396484375
-0.511627197265625   0.327056884765625
0.150909423828125   0.02783203125
-0.68658447265625   -0.558441162109375
0.103271484375   0.26544189453125
-0.07098388671875   -0.21417236328125
-0.1700439453125   0.266204833984375
0.177032470703125   0.137847900390625
0.137420654296875   0.53472900390625
-0.128631591796875   0.999969482421875
-0.054595947265625   0.39837646484375
0.134246826171875   -0.270294189453125
0.04345703125   0.307220458984375
-0.264404296875   0.69580078125
-0.05487060546875   0.137237548828125
-0.060882568359375   -0.156402587890625
0.114990234375   0.3072509765625
0.01043701171875   0.59796142578125
0.02093505859375   0.222930908203125
-0.22210693359375   0.64996337890625
-0.36749267578125   -0.447662353515625
0.03668212890625   0.156097412109375
0.23785400390625   -0.344512939453125
0.28204345703125   -0.168243408203125
-0.011077880859375   0.303009033203125
-0.148162841796875   -0.060943603515625
-0.670623779296875   0.4356689453125
0.279144287109375   0.03912353515625
0.206451416015625   0.087432861328125
-0.125732421875   0.095855712890625
0.03240966796875   -0.34716796875
-0.09698486328125   0.109893798828125
0.234039306640625   -0.25372314453125
-0.3751220703125   0.209381103515625
-0.786865234375   0.129638671875
-0.539154052734375   0.27099609375
-0.027435302734375   0.136688232421875
0.084686279296875   -0.08209228515625
-0.17303466796875   0.181549072265625
-0.4715576171875   0.27569580078125
-0.1561279296875   0.300201416015625
0.4610595703125   0.26849365234375
0.30059814453125   0.232818603515625
-0.09716796875   0.0526123046875
-0.13470458984375   0.0643310546875
-0.44677734375   0.033447265625
-0.059417724609375   0.0303955078125
-0.490692138671875   0.1295166015625
-0.14703369140625   0.251678466796875
-0.121734619140625   -0.08758544921875
-0.272430419921875   0.10369873046875
0.04833984375   -0.22418212890625
0.5364990234375   -0.004852294921875
0.145355224609375   0.295684814453125
0.11639404296875   0.29901123046875
0.007171630859375   -0.731781005859375
0.054443359375   -0.340576171875
-0.33306884765625   -0.298065185546875
0.2254638671875   -0.222564697265625
-0.227142333984375   -0.082977294921875
-0.1361083984375   0.259613037109375
-0.00531005859375   -0.0450439453125
0.032440185546875   0.232177734375
-0.232940673828125   -0.340911865234375
0.43798828125   -0.3306884765625
0.02435302734375   0.191680908203125
-0.31646728515625   0.234771728515625
-0.144866943359375   0.02850341796875
0.37005615234375   0.54510498046875
-0.087890625   0.208343505859375
-0.418548583984375   -0.142059326171875
-0.193267822265625   0.24859619140625
-0.059844970703125   -0.095062255859375
-0.315704345703125   0.32763671875
-0.061309814453125   0.36053466796875
0.34661865234375   0.2127685546875
0.359375   0.317138671875
-0.6822509765625   -0.100433349609375
0.408721923828125   0.135406494140625
-0.139495849609375   -0.220855712890625
-0.1861572265625   -0.402557373046875
0.107391357421875   -0.443389892578125
-0.487213134765625   -0.00335693359375
0.0364990234375   0.13720703125
-0.212860107421875   0.313385009765625
-0.0592041015625   0.007354736328125
-0.067108154296875   -0.365325927734375
-0.08990478515625   0.132537841796875
0.105438232421875   -0.217498779296875
-0.259735107421875   -0.220703125
0.275604248046875   -0.30926513671875
0.31719970703125   -0.0406494140625
-0.264892578125   -0.21966552734375
0.2030029296875   -0.221923828125
-0.197601318359375   0.365203857421875
-0.6260986328125   -0.025726318359375
-0.22662353515625   -0.14276123046875
-0.394287109375   -0.03546142578125
-0.11138916015625   0.318817138671875
-0.44049072265625   -0.10546875
-0.0877685546875   -0.61285400390625
0.19927978515625   -0.168121337890625
0.150482177734375   -0.35797119140625
0.22259521484375   -0.182220458984375
-0.17852783203125   -0.079864501953125
-0.056976318359375   0.4339599609375
-0.058502197265625   -0.09375
0.19366455078125   0.581939697265625
-0.0267333984375   -0.664337158203125
-0.13909912109375   -0.16632080078125
-0.33770751953125   -0.0615234375
0.108306884765625   -0.037353515625
-0.1844482421875   0.10504150390625
-0.383331298828125   -0.590301513671875
-0.21923828125   0.00531005859375
0.012603759765625   0.052490234375
0.3621826171875   0.060791015625
0.432037353515625   0.137847900390625
0.117401123046875   -0.200592041015625
-0.2598876953125   -0.42120361328125
-0.455810546875   -0.335723876953125
-0.5452880859375   -0.221527099609375
-0.247039794921875   -0.01141357421875
0.687103271484375   -0.07037353515625
0.3359375   -0.207550048828125
0.040191650390625   0.00396728515625
0.208343505859375   0.0968017578125
-0.315765380859375   0.02703857421875
-0.13446044921875   0.098907470703125
-0.279144287109375   -0.6461181640625
0.047760009765625   0.13995361328125
0.4283447265625   0.209228515625
0.317169189453125   -0.16143798828125
-0.459075927734375   0.174102783203125
-0.07489013671875   -0.10626220703125
-0.063629150390625   0.28302001953125
0.045166015625   -0.1842041015625
-0.131256103515625   0.2479248046875
-0.28094482421875   0.2841796875
0.039459228515625   -0.092926025390625
-0.12225341796875   -0.44580078125
-0.178741455078125   -0.589141845703125
0.455718994140625   -0.0595703125
-0.318389892578125   -0.418060302734375
-0.113983154296875   0.209686279296875
-0.257080078125   0.28570556640625
0.272491455078125   0.40863037109375
0.12408447265625   -0.443634033203125
0.055511474609375   -0.098663330078125
0.038909912109375   0.214630126953125
-0.165008544921875   -0.01373291015625
0.53741455078125   0.3428955078125
-0.034912109375   0.1282958984375
0.665863037109375   0.45989990234375
-0.420440673828125   -0.02789306640625
-0.087615966796875   -0.06304931640625
0.101898193359375   0.0653076171875
-0.25750732421875   -0.033905029296875
-0.20599365234375   -0.399932861328125
-0.298095703125   -0.024261474609375
-0.10784912109375   -0.235015869140625
-0.036895751953125   0.2779541015625
0.107940673828125   0.102813720703125
0.368072509765625   0.059478759765625
0.07806396484375   -0.06695556640625
-0.0087890625   -0.008819580078125
0.2418212890625   0.23919677734375
0.3319091796875   0.065521240234375
0.269775390625   0.035400390625
0.239898681640625   -0.171661376953125
0.155853271484375   -0.202789306640625
0.494110107421875   -0.206390380859375
-0.08453369140625   0.016876220703125
0.0101318359375   0.2801513671875
0.127655029296875   -0.178802490234375
-0.353302001953125   -0.00372314453125
0.049530029296875   0.2711181640625
0.126251220703125   -0.078826904296875
-0.2115478515625   -0.12451171875
-0.06866455078125   -0.114105224609375
0.3697509765625   0.222320556640625
-0.0311279296875   0.23858642578125
0.083740234375   -0.137359619140625
0.39239501953125   0.32208251953125
-0.056427001953125   0.15936279296875
-0.30291748046875   -0.007476806640625
0.19964599609375   0.01104736328125
-0.11871337890625   -0.06463623046875
0.189483642578125   0.14654541015625
-0.2259521484375   0.15032958984375
-0.219085693359375   0.04296875
0.328338623046875   0.43975830078125
0.07672119140625   0.0931396484375
-0.511627197265625   0.327056884765625
0.150909423828125   0.02783203125
-0.68658447265625   -0.558441162109375
0.103271484375   0.26544189453125
-0.07098388671875   -0.21417236328125
-0.1700439453125   0.266204833984375
0.177032470703125   0.137847900390625
0.137420654296875   0.53472900390625
-0.128631591796875   0.999969482421875
-0.054595947265625   0.39837646484375
0.134246826171875   -0.270294189453125
0.04345703125   0.307220458984375
-0.264404296875   0.69580078125
-0.05487060546875   0.137237548828125
-0.060882568359375   -0.156402587890625
0.114990234375   0.3072509765625
0.01043701171875   0.59796142578125
0.02093505859375   0.222930908203125
-0.22210693359375   0.64996337890625
-0.36749267578125   -0.447662353515625
0.03668212890625   0.156097412109375
0.23785400390625   -0.344512939453125
0.28204345703125   -0.168243408203125
-0.011077880859375   0.303009033203125
-0.148162841796875   -0.060943603515625
-0.670623779296875   0.4356689453125
0.279144287109375   0.03912353515625
0.206451416015625   0.087432861328125
-0.125732421875   0.095855712890625
0.03240966796875   -0.34716796875
-0.09698486328125   0.109893798828125
0.234039306640625   -0.25372314453125
-0.3751220703125   0.209381103515625
-0.786865234375   0.129638671875
-0.539154052734375   0.27099609375
-0.027435302734375   0.136688232421875
0.084686279296875   -0.08209228515625
-0.17303466796875   0.181549072265625
-0.4715576171875   0.27569580078125
-0.1561279296875   0.300201416015625
0.4610595703125   0.26849365234375
0.30059814453125   0.232818603515625
-0.09716796875   0.0526123046875
-0.13470458984375   0.0643310546875
-0.44677734375   0.033447265625
-0.059417724609375   0.0303955078125
-0.490692138671875   0.1295166015625
-0.14703369140625   0.251678466796875
-0.121734619140625   -0.08758544921875
-0.272430419921875   0.10369873046875
0.04833984375   -0.22418212890625
0.5364990234375   -0.004852294921875
0.145355224609375   0.295684814453125
0.11639404296875   0.29901123046875
0.007171630859375   -0.731781005859375
0.054443359375   -0.340576171875
-0.33306884765625   -0.298065185546875
0.2254638671875   -0.222564697265625
-0.227142333984375   -0.082977294921875
-0.1361083984375   0.259613037109375
-0.00531005859375   -0.0450439453125
0.032440185546875   0.232177734375
-0.232940673828125   -0.340911865234375
0.43798828125   -0.3306884765625
0.02435302734375   0.191680908203125
0.2484130859375   0.155914306640625
-0.397552490234375   -0.003021240234375
-0.20648193359375   0.413360595703125
0.19793701171875   0.136932373046875
-0.225921630859375   -0.28936767578125
-0.07147216796875   0.056427001953125
0.0159912109375   0.39947509765625
0.25091552734375   0.133331298828125
-0.097076416015625   -0.314453125
-0.397064208984375   -0.273468017578125
-0.02984619140625   0.536865234375
-0.267791748046875   -0.08905029296875
-0.506378173828125   -0.194610595703125
-0.026702880859375   0.030059814453125
-0.332000732421875   -0.53057861328125
0.128082275390625   -0.068115234375
0.10003662109375   0.187286376953125
0.30889892578125   0.003387451171875
-0.3011474609375   0.05303955078125
0.176849365234375   -0.035186767578125
-0.070556640625   0.07574462890625
0.193145751953125   -0.080718994140625
0.118316650390625   -0.11968994140625
0.2991943359375   -0.01568603515625
-0.29278564453125   0.1566162109375
-0.113067626953125   0.099578857421875
0.597076416015625   0.4368896484375
0.330596923828125   -0.04937744140625
-0.11309814453125   0.324737548828125
0.12060546875   0.3406982421875
0.365570068359375   -0.249908447265625
0.056365966796875   -0.325531005859375
-0.359649658203125   0.115936279296875
-0.20953369140625   -0.23956298828125
0.447052001953125   0.089630126953125
0.358642578125   0.065460205078125
-0.088409423828125   -0.2420654296875
-0.136932373046875   0.016265869140625
0.226470947265625   -0.0006103515625
0.19158935546875   0.58984375
-0.559051513671875   -0.09906005859375
-0.033233642578125   -0.110443115234375
-0.146026611328125   0.372100830078125
0.15533447265625   0.266082763671875
0.036468505859375   0.02978515625
0.365203857421875   0.503814697265625
0.4351806640625   0.19732666015625
-0.156158447265625   0.011688232421875
-0.096588134765625   -0.27099609375
-0.06280517578125   0.155853271484375
-0.030517578125   -0.16583251953125
-0.1011962890625   0.10089111328125
0.115509033203125   -0.08758544921875
0.137359619140625   0.150665283203125
0.191619873046875   0.105438232421875
-0.449462890625   0.756011962890625
-0.04376220703125   0.180633544921875
-0.30950927734375   0.367034912109375
-0.123931884765625   -0.060638427734375
0.107757568359375   -0.13629150390625
-0.143218994140625   0.410797119140625
0.3992919921875   0.453094482421875
-0.166168212890625   -0.219024658203125
-0.025390625   -0.428955078125
0.047760009765625   0.13995361328125
0.4283447265625   0.209228515625
0.317169189453125   -0.16143798828125
-0.459075927734375   0.174102783203125
-0.07489013671875   -0.10626220703125
-0.063629150390625   0.28302001953125
0.045166015625   -0.1842041015625
-0.131256103515625   0.2479248046875
-0.28094482421875   0.2841796875
0.039459228515625   -0.092926025390625
-0.12225341796875   -0.44580078125
-0.178741455078125   -0.589141845703125
0.455718994140625   -0.0595703125
-0.318389892578125   -0.418060302734375
-0.113983154296875   0.209686279296875
-0.257080078125   0.28570556640625
0.272491455078125   0.40863037109375
0.12408447265625   -0.443634033203125
0.055511474609375   -0.098663330078125
0.038909912109375   0.214630126953125
-0.165008544921875   -0.01373291015625
0.53741455078125   0.3428955078125
-0.034912109375   0.1282958984375
0.665863037109375   0.45989990234375
-0.420440673828125   -0.02789306640625
-0.087615966796875   -0.06304931640625
0.101898193359375   0.0653076171875
-0.25750732421875   -0.033905029296875
-0.20599365234375   -0.399932861328125
-0.298095703125   -0.024261474609375
-0.10784912109375   -0.235015869140625
-0.036895751953125   0.2779541015625
0.107940673828125   0.102813720703125
0.368072509765625   0.059478759765625
0.07806396484375   -0.06695556640625
-0.0087890625   -0.008819580078125
0.2418212890625   0.23919677734375
0.3319091796875   0.065521240234375
0.269775390625   0.035400390625
0.239898681640625   -0.171661376953125
0.155853271484375   -0.202789306640625
0.494110107421875   -0.206390380859375
-0.08453369140625   0.016876220703125
0.0101318359375   0.2801513671875
0.127655029296875   -0.178802490234375
-0.353302001953125   -0.00372314453125
0.049530029296875   0.2711181640625
0.126251220703125   -0.078826904296875
-0.2115478515625   -0.12451171875
-0.06866455078125   -0.114105224609375
0.3697509765625   0.222320556640625
-0.0311279296875   0.23858642578125
0.083740234375   -0.137359619140625
0.39239501953125   0.32208251953125
-0.056427001953125   0.15936279296875
-0.30291748046875   -0.007476806640625
0.19964599609375   0.01104736328125
-0.11871337890625   -0.06463623046875
0.189483642578125   0.14654541015625
-0.2259521484375   0.15032958984375
-0.219085693359375   0.04296875
0.328338623046875   0.43975830078125
0.07672119140625   0.0931396484375
-0.511627197265625   0.327056884765625
0.150909423828125   0.02783203125
-0.68658447265625   -0.558441162109375
0.103271484375   0.26544189453125
-0.07098388671875   -0.21417236328125
-0.1700439453125   0.266204833984375
0.177032470703125   0.137847900390625
0.137420654296875   0.53472900390625
-0.128631591796875   0.999969482421875
-0.054595947265625   0.39837646484375
0.134246826171875   -0.270294189453125
0.04345703125   0.307220458984375
-0.264404296875   0.69580078125
-0.05487060546875   0.137237548828125
-0.060882568359375   -0.156402587890625
0.114990234375   0.3072509765625
0.01043701171875   0.59796142578125
0.02093505859375   0.222930908203125
-0.22210693359375   0.64996337890625
-0.36749267578125   -0.447662353515625
0.03668212890625   0.156097412109375
0.23785400390625   -0.344512939453125
0.28204345703125   -0.168243408203125
-0.011077880859375   0.303009033203125
-0.148162841796875   -0.060943603515625
-0.670623779296875   0.4356689453125
0.279144287109375   0.03912353515625
0.206451416015625   0.087432861328125
-0.125732421875   0.095855712890625
0.03240966796875   -0.34716796875
-0.09698486328125   0.109893798828125
0.234039306640625   -0.25372314453125
-0.3751220703125   0.209381103515625
-0.786865234375   0.129638671875
-0.539154052734375   0.27099609375
-0.027435302734375   0.136688232421875
0.084686279296875   -0.08209228515625
-0.17303466796875   0.181549072265625
-0.4715576171875   0.27569580078125
-0.1561279296875   0.300201416015625
0.4610595703125   0.26849365234375
0.30059814453125   0.232818603515625
-0.09716796875   0.0526123046875
-0.13470458984375   0.0643310546875
-0.44677734375   0.033447265625
-0.059417724609375   0.0303955078125
-0.490692138671875   0.1295166015625
-0.14703369140625   0.251678466796875
-0.121734619140625   -0.08758544921875
-0.272430419921875   0.10369873046875
0.04833984375   -0.22418212890625
0.5364990234375   -0.004852294921875
0.145355224609375   0.295684814453125
0.11639404296875   0.29901123046875
0.007171630859375   -0.731781005859375
0.054443359375   -0.340576171875
-0.33306884765625   -0.298065185546875
0.2254638671875   -0.222564697265625
-0.227142333984375   -0.082977294921875
-0.1361083984375   0.259613037109375
-0.00531005859375   -0.0450439453125
0.032440185546875   0.232177734375
-0.232940673828125   -0.340911865234375
0.43798828125   -0.3306884765625
0.02435302734375   0.191680908203125
0.2484130859375   0.155914306640625
-0.397552490234375   -0.003021240234375
-0.20648193359375   0.413360595703125
0.19793701171875   0.136932373046875
-0.225921630859375   -0.28936767578125
-0.07147216796875   0.056427001953125
0.0159912109375   0.39947509765625
0.25091552734375   0.133331298828125
-0.097076416015625   -0.314453125
-0.397064208984375   -0.273468017578125
-0.02984619140625   0.536865234375
-0.267791748046875   -0.08905029296875
-0.506378173828125   -0.194610595703125
-0.026702880859375   0.030059814453125
-0.332000732421875   -0.53057861328125
0.128082275390625   -0.068115234375
0.10003662109375   0.187286376953125
0.30889892578125   0.003387451171875
-0.3011474609375   0.05303955078125
0.176849365234375   -0.035186767578125
-0.070556640625   0.07574462890625
0.193145751953125   -0.080718994140625
0.118316650390625   -0.11968994140625
0.2991943359375   -0.01568603515625
-0.29278564453125   0.1566162109375
-0.113067626953125   0.099578857421875
0.597076416015625   0.4368896484375
0.330596923828125   -0.04937744140625
-0.11309814453125   0.324737548828125
0.12060546875   0.3406982421875
0.365570068359375   -0.249908447265625
0.056365966796875   -0.325531005859375
-0.359649658203125   0.115936279296875
-0.20953369140625   -0.23956298828125
0.447052001953125   0.089630126953125
0.358642578125   0.065460205078125
-0.088409423828125   -0.2420654296875
-0.136932373046875   0.016265869140625
0.226470947265625   -0.0006103515625
0.19158935546875   0.58984375
-0.559051513671875   -0.09906005859375
-0.033233642578125   -0.110443115234375
-0.146026611328125   0.372100830078125
0.15533447265625   0.266082763671875
0.036468505859375   0.02978515625
0.365203857421875   0.503814697265625
0.4351806640625   0.19732666015625
-0.156158447265625   0.011688232421875
-0.096588134765625   -0.27099609375
-0.06280517578125   0.155853271484375
-0.030517578125   -0.16583251953125
-0.1011962890625   0.10089111328125
0.115509033203125   -0.08758544921875
0.137359619140625   0.150665283203125
0.191619873046875   0.105438232421875
-0.449462890625   0.756011962890625
-0.04376220703125   0.180633544921875
-0.30950927734375   0.367034912109375
-0.123931884765625   -0.060638427734375
0.107757568359375   -0.13629150390625
-0.143218994140625   0.410797119140625
0.3992919921875   0.453094482421875
-0.166168212890625   -0.219024658203125
-0.025390625   -0.428955078125
-0.471221923828125   0.144622802734375
-0.087615966796875   0.29925537109375
-0.377044677734375   -0.225189208984375
-0.36669921875   -0.189697265625
0.096923828125   0.33056640625
0.00299072265625   0.343109130859375
-0.12347412109375   -0.090576171875
0.076263427734375   -0.0908203125
0.1888427734375   -0.2508544921875
-0.010345458984375   -0.056060791015625
-0.091827392578125   0.087738037109375
-0.42205810546875   0.402069091796875
0.01605224609375   0.373748779296875
0.15740966796875   -0.51531982421875
-0.431121826171875   -0.27362060546875
0.104827880859375   0.021881103515625
-0.311614990234375   0.043731689453125
0.39178466796875   0.080718994140625
-0.213714599609375   -0.490234375
-0.035614013671875   -0.433990478515625
0.1771240234375   0.063690185546875
-0.122528076171875   0.465728759765625
-0.31427001953125   0.333770751953125
-0.33160400390625   0.076202392578125
0.26849365234375   -0.128387451171875
0.042694091796875   0.069732666015625
-0.269317626953125   -0.049530029296875
-0.29296875   -0.423553466796875
-0.404296875   0.629791259765625
-0.195098876953125   -0.44091796875
-0.235443115234375   0.155670166015625
-0.195404052734375   0.041046142578125
-0.3177490234375   -0.670074462890625
0.0654296875   -0.281768798828125
0.4935302734375   0.297271728515625
0.318695068359375   0.060699462890625
0.019561767578125   -0.18597412109375
0.07244873046875   0.17047119140625
-0.2823486328125   -0.27618408203125
-0.2464599609375   0.10089111328125
0.08111572265625   -0.05157470703125
0.087371826171875   -0.60113525390625
-0.250396728515625   -0.353851318359375
-0.30474853515625   -0.2388916015625
0.039276123046875   -0.060302734375
-0.217193603515625   -0.49346923828125
0.40740966796875   0.1436767578125
-0.089569091796875   -0.14013671875
0.356689453125   -0.211669921875
0.113525390625   -0.04345703125
0.109283447265625   -0.0731201171875
-0.0948486328125   -0.217041015625
0.049407958984375   -0.7470703125
-0.12823486328125   -0.084747314453125
-0.539093017578125   -0.035888671875
-0.3507080078125   0.23419189453125
0.302886962890625   -0.01629638671875
0.371002197265625   -0.43701171875
-0.050628662109375   0.071044921875
0.0584716796875   0.291534423828125
-0.034912109375   0.12664794921875
-0.196685791015625   -0.28912353515625
-0.259490966796875   0.10174560546875
0.121063232421875   -0.157196044921875
0.150909423828125   0.02783203125
-0.68658447265625   -0.558441162109375
0.103271484375   0.26544189453125
-0.07098388671875   -0.21417236328125
-0.1700439453125   0.266204833984375
0.177032470703125   0.137847900390625
0.137420654296875   0.53472900390625
-0.128631591796875   0.999969482421875
-0.054595947265625   0.39837646484375
0.134246826171875   -0.270294189453125
0.04345703125   0.307220458984375
-0.264404296875   0.69580078125
-0.05487060546875   0.137237548828125
-0.060882568359375   -0.156402587890625
0.114990234375   0.3072509765625
0.01043701171875   0.59796142578125
0.02093505859375   0.222930908203125
-0.22210693359375   0.64996337890625
-0.36749267578125   -0.447662353515625
0.03668212890625   0.156097412109375
0.23785400390625   -0.344512939453125
0.28204345703125   -0.168243408203125
-0.011077880859375   0.303009033203125
-0.148162841796875   -0.060943603515625
-0.670623779296875   0.4356689453125
0.279144287109375   0.03912353515625
0.206451416015625   0.087432861328125
-0.125732421875   0.095855712890625
0.03240966796875   -0.34716796875
-0.09698486328125   0.109893798828125
0.234039306640625   -0.25372314453125
-0.3751220703125   0.209381103515625
-0.786865234375   0.129638671875
-0.539154052734375   0.27099609375
-0.027435302734375   0.136688232421875
0.084686279296875   -0.08209228515625
-0.17303466796875   0.181549072265625
-0.4715576171875   0.27569580078125
-0.1561279296875   0.300201416015625
0.4610595703125   0.26849365234375
0.30059814453125   0.232818603515625
-0.09716796875   0.0526123046875
-0.13470458984375   0.0643310546875
-0.44677734375   0.033447265625
-0.059417724609375   0.0303955078125
-0.490692138671875   0.1295166015625
-0.14703369140625   0.251678466796875
-0.121734619140625   -0.08758544921875
-0.272430419921875   0.10369873046875
0.04833984375   -0.22418212890625
0.5364990234375   -0.004852294921875
0.145355224609375   0.295684814453125
0.11639404296875   0.29901123046875
0.007171630859375   -0.731781005859375
0.054443359375   -0.340576171875
-0.33306884765625   -0.298065185546875
0.2254638671875   -0.222564697265625
-0.227142333984375   -0.082977294921875
-0.1361083984375   0.259613037109375
-0.00531005859375   -0.0450439453125
0.032440185546875   0.232177734375
-0.232940673828125   -0.340911865234375
0.43798828125   -0.3306884765625
0.02435302734375   0.191680908203125
0.2484130859375   0.155914306640625
-0.397552490234375   -0.003021240234375
-0.20648193359375   0.413360595703125
0.19793701171875   0.136932373046875
-0.225921630859375   -0.28936767578125
-0.07147216796875   0.056427001953125
0.0159912109375   0.39947509765625
0.25091552734375   0.133331298828125
-0.097076416015625   -0.314453125
-0.397064208984375   -0.273468017578125
-0.02984619140625   0.536865234375
-0.267791748046875   -0.08905029296875
-0.506378173828125   -0.194610595703125
-0.026702880859375   0.030059814453125
-0.332000732421875   -0.53057861328125
0.128082275390625   -0.068115234375
0.10003662109375   0.187286376953125
0.30889892578125   0.003387451171875
-0.3011474609375   0.05303955078125
0.176849365234375   -0.035186767578125
-0.070556640625   0.07574462890625
0.193145751953125   -0.080718994140625
0.118316650390625   -0.11968994140625
0.2991943359375   -0.01568603515625
-0.29278564453125   0.1566162109375
-0.113067626953125   0.099578857421875
0.597076416015625   0.4368896484375
0.330596923828125   -0.04937744140625
-0.11309814453125   0.324737548828125
0.12060546875   0.3406982421875
0.365570068359375   -0.249908447265625
0.056365966796875   -0.325531005859375
-0.359649658203125   0.115936279296875
-0.20953369140625   -0.23956298828125
0.447052001953125   0.089630126953125
0.358642578125   0.065460205078125
-0.088409423828125   -0.2420654296875
-0.136932373046875   0.016265869140625
0.226470947265625   -0.0006103515625
0.19158935546875   0.58984375
-0.559051513671875   -0.09906005859375
-0.033233642578125   -0.110443115234375
-0.146026611328125   0.372100830078125
0.15533447265625   0.266082763671875
0.036468505859375   0.02978515625
0.365203857421875   0.503814697265625
0.4351806640625   0.19732666015625
-0.156158447265625   0.011688232421875
-0.096588134765625   -0.27099609375
-0.06280517578125   0.155853271484375
-0.030517578125   -0.16583251953125
-0.1011962890625   0.10089111328125
0.115509033203125   -0.08758544921875
0.137359619140625   0.150665283203125
0.191619873046875   0.105438232421875
-0.449462890625   0.756011962890625
-0.04376220703125   0.180633544921875
-0.30950927734375   0.367034912109375
-0.123931884765625   -0.060638427734375
0.107757568359375   -0.13629150390625
-0.143218994140625   0.410797119140625
0.3992919921875   0.453094482421875
-0.166168212890625   -0.219024658203125
-0.025390625   -0.428955078125
-0.471221923828125   0.144622802734375
-0.087615966796875   0.29925537109375
-0.377044677734375   -0.225189208984375
-0.36669921875   -0.189697265625
0.096923828125   0.33056640625
0.00299072265625   0.343109130859375
-0.12347412109375   -0.090576171875
0.076263427734375   -0.0908203125
0.1888427734375   -0.2508544921875
-0.010345458984375   -0.056060791015625
-0.091827392578125   0.087738037109375
-0.42205810546875   0.402069091796875
0.01605224609375   0.373748779296875
0.15740966796875   -0.51531982421875
-0.431121826171875   -0.27362060546875
0.104827880859375   0.021881103515625
-0.311614990234375   0.043731689453125
0.39178466796875   0.080718994140625
-0.213714599609375   -0.490234375
-0.035614013671875   -0.433990478515625
0.1771240234375   0.063690185546875
-0.122528076171875   0.465728759765625
-0.31427001953125   0.333770751953125
-0.33160400390625   0.076202392578125
0.26849365234375   -0.128387451171875
0.042694091796875   0.069732666015625
-0.269317626953125   -0.049530029296875
-0.29296875   -0.423553466796875
-0.404296875   0.629791259765625
-0.195098876953125   -0.44091796875
-0.235443115234375   0.155670166015625
-0.195404052734375   0.041046142578125
-0.3177490234375   -0.670074462890625
0.0654296875   -0.281768798828125
0.4935302734375   0.297271728515625
0.318695068359375   0.060699462890625
0.019561767578125   -0.18597412109375
0.07244873046875   0.17047119140625
-0.2823486328125   -0.27618408203125
-0.2464599609375   0.10089111328125
0.08111572265625   -0.05157470703125
0.087371826171875   -0.60113525390625
-0.250396728515625   -0.353851318359375
-0.30474853515625   -0.2388916015625
0.039276123046875   -0.060302734375
-0.217193603515625   -0.49346923828125
0.40740966796875   0.1436767578125
-0.089569091796875   -0.14013671875
0.356689453125   -0.211669921875
0.113525390625   -0.04345703125
0.109283447265625   -0.0731201171875
-0.0948486328125   -0.217041015625
0.049407958984375   -0.7470703125
-0.12823486328125   -0.084747314453125
-0.539093017578125   -0.035888671875
-0.3507080078125   0.23419189453125
0.302886962890625   -0.01629638671875
0.371002197265625   -0.43701171875
-0.050628662109375   0.071044921875
0.0584716796875   0.291534423828125
-0.034912109375   0.12664794921875
-0.196685791015625   -0.28912353515625
-0.259490966796875   0.10174560546875
0.121063232421875   -0.157196044921875
0.47430419921875   0.26495361328125
-0.12384033203125   -0.34112548828125
-0.006317138671875   -0.436920166015625
0.187744140625   0.14996337890625
-0.0384521484375   -0.154083251953125
-0.059967041015625   0.101898193359375
-0.0439453125   0.146636962890625
0.086090087890625   -0.4368896484375
-0.166656494140625   -0.020538330078125
0.160064697265625   -0.152252197265625
0.197479248046875   -0.0506591796875
0.095947265625   -0.12200927734375
0.1123046875   -0.142425537109375
0.314697265625   0.124298095703125
-0.2879638671875   -0.308197021484375
0.112548828125   -0.065216064453125
0.162750244140625   0.35302734375
-0.0380859375   -0.2816162109375
0.05731201171875   0.21014404296875
-0.0748291015625   -0.39739990234375
0.243896484375   -0.14202880859375
-0.34454345703125   -0.45843505859375
0.01385498046875   -0.29107666015625
-0.348907470703125   -0.010986328125
0.069580078125   -0.178558349609375
-0.084503173828125   -0.000732421875
0.16021728515625   0.18548583984375
-0.0633544921875   0.32769775390625
0.49871826171875   -0.00372314453125
0.370635986328125   -0.0709228515625
-0.342926025390625   0.1339111328125
0.32989501953125   -0.3095703125
-0.343292236328125   0.114959716796875
-0.03387451171875   0.06646728515625
-0.14117431640625   -0.08258056640625
0.073333740234375   -0.004730224609375
-0.188873291015625   0.02703857421875
-0.056121826171875   0.008026123046875
-0.2335205078125   0.192901611328125
-0.515350341796875   -0.247955322265625
-0.089599609375   -0.0130615234375
0.161956787109375   0.151031494140625
-0.2525634765625   0.466766357421875
0.341583251953125   -0.17987060546875
-0.17401123046875   0.29022216796875
-0.06549072265625   0.11871337890625
-0.02984619140625   0.11968994140625
-0.490020751953125   -0.18328857421875
0.095367431640625   0.16253662109375
-0.39495849609375   -0.05596923828125
0.355560302734375   -0.08709716796875
-0.237091064453125   -0.24224853515625
0.14617919921875   0.153411865234375
0.153106689453125   0.094970703125
-0.13201904296875   -0.4609375
0.3704833984375   0.02642822265625
0.1907958984375   0.12567138671875
-0.190948486328125   -0.1717529296875
0.573822021484375   -0.213470458984375
0.857879638671875   -0.28009033203125
0.193115234375   0.161468505859375
-0.006988525390625   -0.34344482421875
-0.046112060546875   -0.003692626953125
0.13763427734375   -0.40570068359375
