0.212127685546875   0.1142578125
0.200592041015625   -0.135284423828125
0.209259033203125   -0.02093505859375
0.20343017578125   -0.268524169921875
-0.013641357421875   0.064453125
-0.407012939453125   0.0670166015625
0.1763916015625   -0.534332275390625
0.342681884765625   0.018402099609375
-0.4180908203125   0.158203125
0.340362548828125   0.131439208984375
-0.365081787109375   0.123138427734375
0.07366943359375   -0.46771240234375
0.09893798828125   -0.049896240234375
0.26544189453125   0.0035400390625
-0.2001953125   -0.407318115234375
-0.196929931640625   -0.519775390625
-0.479278564453125   -0.01373291015625
0.28155517578125   0.15057373046875
-0.18536376953125   0.04571533203125
-0.286468505859375   0.38336181640625
0.024993896484375   -0.287689208984375
-0.103240966796875   -0.090484619140625
0.408050537109375   -0.12530517578125
0.027130126953125   -0.20745849609375
-0.02972412109375   -0.233184814453125
0.057952880859375   0.332122802734375
-0.006195068359375   0.053070068359375
0.230560302734375   0.133697509765625
0.049560546875   0.020294189453125
0.19036865234375   -0.3262939453125
-0.105621337890625   -0.0750732421875
0.164581298828125   -0.21795654296875
0.3836669921875   -0.12408447265625
-0.118499755859375   0.185943603515625
-0.103363037109375   0.44342041015625
0.173553466796875   -0.198638916015625
0.272125244140625   0.306976318359375
0.228851318359375   0.13458251953125
-0.169097900390625   0.4793701171875
0.0316162109375   -0.288482666015625
-0.030487060546875   -0.175506591796875
0.039337158203125   0.106536865234375
-0.008514404296875   -0.258880615234375
0.379974365234375   -0.03070068359375
-0.089141845703125   -0.078460693359375
-0.06524658203125   0.3502197265625
-0.11517333984375   0.082305908203125
-0.09466552734375   0.078369140625
0.002960205078125   0.199859619140625
-0.124420166015625   0.293701171875
-0.212188720703125   -0.4549560546875
-0.0013427734375   0.187652587890625
0.2518310546875   -0.169921875
0.160888671875   0.408416748046875
-0.06658935546875   -0.114410400390625
-0.239288330078125   -0.860626220703125
-0.50634765625   -0.454833984375
0.20770263671875   0.14776611328125
-0.30517578125   0.06439208984375
-0.423095703125   -0.1365966796875
0.068572998046875   0.131378173828125
-0.64837646484375   0.03863525390625
-0.248077392578125   -0.4041748046875
-0.219268798828125   -0.15509033203125
0.215728759765625   -0.142852783203125
-0.296478271484375   -0.19232177734375
0.022308349609375   0.1033935546875
0.1304931640625   -0.269989013671875
0.18609619140625   0.126556396484375
0.12957763671875   0.232177734375
-0.219207763671875   -0.153106689453125
0.121856689453125   -0.05792236328125
-0.20367431640625   -0.00860595703125
-0.51849365234375   -0.242950439453125
0.06634521484375   0.00823974609375
0.2225341796875   -0.28399658203125
0.293426513671875   0.189666748046875
-0.076751708984375   0.029937744140625
-0.38720703125   0.783203125
0.427825927734375   -0.4134521484375
-0.03009033203125   0.116729736328125
0.158111572265625   -0.392547607421875
0.114410400390625   -0.283935546875
-0.3638916015625   -0.49261474609375
-0.07940673828125   -0.182769775390625
0.005767822265625   0.17437744140625
-0.5224609375   -0.024200439453125
0.27099609375   0.3741455078125
0.026641845703125   0.09124755859375
-0.142608642578125   -0.292266845703125
-0.34600830078125   -0.291259765625
-0.023834228515625   -0.08404541015625
-0.29437255859375   0.27935791015625
-0.010009765625   0.157684326171875
-0.21099853515625   0.057220458984375
0.318084716796875   0.39935302734375
0.24932861328125   -0.15936279296875
-0.242279052734375   0.02569580078125
0.16876220703125   -0.114044189453125
-0.1632080078125   -0.178375244140625
-0.07403564453125   -0.074981689453125
0.05474853515625   0.098846435546875
0.551513671875   0.273345947265625
-0.062896728515625   0.2091064453125
-0.0859375   -0.477142333984375
0.274444580078125   0.440673828125
-0.03619384765625   0.294677734375
-0.30389404296875   -0.1640625
0.024871826171875   -0.319488525390625
-0.039031982421875   0.071258544921875
-0.242523193359375   -0.398956298828125
-0.238006591796875   0.18048095703125
0.08636474609375   0.33251953125
0.086090087890625   0.04522705078125
-0.0634765625   0.283843994140625
-0.209197998046875   -0.06976318359375
-0.156829833984375   -0.023956298828125
0.306884765625   -0.21343994140625
-0.158111572265625   -0.15716552734375
0.133514404296875   0.34417724609375
0.638702392578125   0.043243408203125
-0.15234375   -0.113128662109375
0.44940185546875   0.077362060546875
0.22015380859375   0.357757568359375
-0.424346923828125   -0.0361328125
-0.022369384765625   0.3594970703125
-0.208648681640625   -0.178009033203125
-0.076873779296875   -0.34197998046875
0.08612060546875   -0.1082763671875
-0.20794677734375   0.0155029296875
0.259521484375   -0.470306396484375
-0.087860107421875   0.359130859375
-0.12701416015625   0.147125244140625
-0.287078857421875   -0.065887451171875
-0.2823486328125   -0.009490966796875
-0.09814453125   0.847869873046875
0.256378173828125   0.628143310546875
-0.2579345703125   -0.394287109375
0.2164306640625   0.60260009765625
-0.14453125   -0.18939208984375
0.080169677734375   -0.098297119140625
0.157135009765625   0.0960693359375
0.11737060546875   0.282958984375
0.1011962890625   -0.05267333984375
-0.282196044921875   0.230377197265625
-0.561065673828125   -0.046417236328125
-0.219970703125   -0.46142578125
-0.207366943359375   0.215911865234375
-0.16796875   0.115020751953125
-0.082122802734375   0.090423583984375
0.164093017578125   -0.420318603515625
-0.099822998046875   0.24700927734375
0.318603515625   0.384185791015625
0.26129150390625   0.058349609375
0.19989013671875   -0.109527587890625
0.3865966796875   0.067230224609375
-0.483001708984375   0.343994140625
-0.269989013671875   0.015045166015625
0.200164794921875   -0.14752197265625
-0.404937744140625   -0.20086669921875
0.087921142578125   -0.2550048828125
-0.136077880859375   -0.48333740234375
-0.242889404296875   -0.264862060546875
-0.2755126953125   -0.61492919921875
0.017578125   -0.313323974609375
0.0457763671875   0.38873291015625
0.11407470703125   0.003875732421875
0.413330078125   0.42559814453125
0.068878173828125   0.051605224609375
-0.10784912109375   -0.121612548828125
-0.2381591796875   0.226715087890625
-0.502288818359375   -0.2711181640625
-0.029510498046875   0.7093505859375
-0.1737060546875   0.48175048828125
0.1873779296875   0.150238037109375
-0.27752685546875   -0.345947265625
-0.04852294921875   0.099334716796875
0.09637451171875   0.26788330078125
-0.159698486328125   0.076507568359375
-0.14093017578125   0.200592041015625
0.304534912109375   0.335723876953125
-0.277130126953125   0.428985595703125
0.0609130859375   -0.15728759765625
0.133392333984375   -0.225830078125
0.38555908203125   0.2052001953125
-0.0269775390625   -0.029144287109375
-0.359222412109375   0.0355224609375
-0.145721435546875   0.214599609375
-0.1063232421875   0.416534423828125
0.1033935546875   0.425994873046875
-0.05322265625   -0.1170654296875
-0.0579833984375   0.40960693359375
-0.471588134765625   0.04058837890625
0.0618896484375   0.429443359375
-0.092193603515625   0.281463623046875
0.116058349609375   0.12542724609375
0.577178955078125   -0.3504638671875
0.21783447265625   0.09649658203125
0.0859375   0.3447265625
0.052581787109375   -0.01422119140625
0.153472900390625   0.0889892578125
0.2061767578125   -0.019439697265625
-0.047607421875   0.146636962890625
-0.34442138671875   -0.173431396484375
0.341094970703125   -0.066253662109375
0.288818359375   -0.099334716796875
0.2137451171875   -0.561431884765625
0.118255615234375   0.47320556640625
-0.2740478515625   -0.010528564453125
0.403167724609375   -0.661224365234375
-0.148773193359375   0.578125
-0.400909423828125   0.24383544921875
0.425567626953125   0.541229248046875
0.19091796875   -0.0115966796875
-0.108612060546875   0.135589599609375
-0.25762939453125   -0.041961669921875
0.269744873046875   0.35546875
0.218170166015625   0.23492431640625
-0.0123291015625   0.144775390625
-0.117950439453125   -0.32818603515625
-0.788909912109375   -0.45440673828125
0.07025146484375   0.1846923828125
0.12255859375   -0.1612548828125
0.311431884765625   -0.2081298828125
-0.11541748046875   0.046539306640625
0.15545654296875   -0.114105224609375
0.11077880859375   -0.520721435546875
0.056549072265625   -0.066497802734375
-0.260894775390625   0.48577880859375
-0.330047607421875   0.30810546875
-0.223297119140625   0.30523681640625
-0.01702880859375   0.00311279296875
-0.069610595703125   -0.290069580078125
0.068206787109375   0.27288818359375
-0.2020263671875   0.40521240234375
-0.00048828125   0.15716552734375
-0.368865966796875   0.41998291015625
0.06683349609375   -0.09619140625
0.230926513671875   -0.05963134765625
0.080047607421875   0.075469970703125
-0.33111572265625   0.04400634765625
0.316436767578125   -0.433013916015625
0.075469970703125   0.336578369140625
0.162109375   0.16357421875
0.07611083984375   -0.066741943359375
0.2381591796875   -0.084381103515625
0.149383544921875   0.30560302734375
0.1044921875   0.08502197265625
0.30889892578125   0.051788330078125
-0.238861083984375   0.19219970703125
0.518035888671875   0.026275634765625
0.322601318359375   0.115020751953125
-0.1947021484375   0.267059326171875
-0.43524169921875   -0.248504638671875
-0.13671875   0.306732177734375
0.031005859375   0.422119140625
0.215728759765625   -0.142852783203125
-0.296478271484375   -0.19232177734375
0.022308349609375   0.1033935546875
0.1304931640625   -0.269989013671875
0.18609619140625   0.126556396484375
0.12957763671875   0.232177734375
-0.219207763671875   -0.153106689453125
0.121856689453125   -0.05792236328125
-0.20367431640625   -0.00860595703125
-0.51849365234375   -0.242950439453125
0.06634521484375   0.00823974609375
0.2225341796875   -0.28399658203125
0.293426513671875   0.189666748046875
-0.076751708984375   0.029937744140625
-0.38720703125   0.783203125
0.427825927734375   -0.4134521484375
-0.03009033203125   0.116729736328125
0.158111572265625   -0.392547607421875
0.114410400390625   -0.283935546875
-0.3638916015625   -0.49261474609375
-0.07940673828125   -0.182769775390625
0.005767822265625   0.17437744140625
-0.5224609375   -0.024200439453125
0.27099609375   0.3741455078125
0.026641845703125   0.09124755859375
-0.142608642578125   -0.292266845703125
-0.34600830078125   -0.291259765625
-0.023834228515625   -0.08404541015625
-0.29437255859375   0.27935791015625
-0.010009765625   0.157684326171875
-0.21099853515625   0.057220458984375
0.318084716796875   0.39935302734375
0.24932861328125   -0.15936279296875
-0.242279052734375   0.02569580078125
0.16876220703125   -0.114044189453125
-0.1632080078125   -0.178375244140625
-0.07403564453125   -0.074981689453125
0.05474853515625   0.098846435546875
0.551513671875   0.273345947265625
-0.062896728515625   0.2091064453125
-0.0859375   -0.477142333984375
0.274444580078125   0.440673828125
-0.03619384765625   0.294677734375
-0.30389404296875   -0.1640625
0.024871826171875   -0.319488525390625
-0.039031982421875   0.071258544921875
-0.242523193359375   -0.398956298828125
-0.238006591796875   0.18048095703125
0.08636474609375   0.33251953125
0.086090087890625   0.04522705078125
-0.0634765625   0.283843994140625
-0.209197998046875   -0.06976318359375
-0.156829833984375   -0.023956298828125
0.306884765625   -0.21343994140625
-0.158111572265625   -0.15716552734375
0.133514404296875   0.34417724609375
0.638702392578125   0.043243408203125
-0.15234375   -0.113128662109375
0.44940185546875   0.077362060546875
0.22015380859375   0.357757568359375
-0.424346923828125   -0.0361328125
-0.022369384765625   0.3594970703125
-0.208648681640625   -0.178009033203125
-0.076873779296875   -0.34197998046875
0.08612060546875   -0.1082763671875
-0.20794677734375   0.0155029296875
0.259521484375   -0.470306396484375
-0.087860107421875   0.359130859375
-0.12701416015625   0.147125244140625
-0.287078857421875   -0.065887451171875
-0.2823486328125   -0.009490966796875
-0.09814453125   0.847869873046875
0.256378173828125   0.628143310546875
-0.2579345703125   -0.394287109375
0.2164306640625   0.60260009765625
-0.14453125   -0.18939208984375
0.080169677734375   -0.098297119140625
0.157135009765625   0.0960693359375
0.11737060546875   0.282958984375
0.1011962890625   -0.05267333984375
-0.282196044921875   0.230377197265625
-0.561065673828125   -0.046417236328125
-0.219970703125   -0.46142578125
-0.207366943359375   0.215911865234375
-0.16796875   0.115020751953125
-0.082122802734375   0.090423583984375
0.164093017578125   -0.420318603515625
-0.099822998046875   0.24700927734375
0.318603515625   0.384185791015625
0.26129150390625   0.058349609375
0.19989013671875   -0.109527587890625
0.3865966796875   0.067230224609375
-0.483001708984375   0.343994140625
-0.269989013671875   0.015045166015625
0.200164794921875   -0.14752197265625
-0.404937744140625   -0.20086669921875
0.087921142578125   -0.2550048828125
-0.136077880859375   -0.48333740234375
-0.242889404296875   -0.264862060546875
-0.2755126953125   -0.61492919921875
0.017578125   -0.313323974609375
0.0457763671875   0.38873291015625
0.11407470703125   0.003875732421875
0.413330078125   0.42559814453125
0.068878173828125   0.051605224609375
-0.10784912109375   -0.121612548828125
-0.2381591796875   0.226715087890625
-0.502288818359375   -0.2711181640625
-0.029510498046875   0.7093505859375
-0.1737060546875   0.48175048828125
0.1873779296875   0.150238037109375
-0.27752685546875   -0.345947265625
-0.04852294921875   0.099334716796875
0.09637451171875   0.26788330078125
-0.159698486328125   0.076507568359375
-0.14093017578125   0.200592041015625
0.304534912109375   0.335723876953125
-0.277130126953125   0.428985595703125
0.0609130859375   -0.15728759765625
0.133392333984375   -0.225830078125
0.38555908203125   0.2052001953125
-0.0269775390625   -0.029144287109375
-0.359222412109375   0.0355224609375
-0.145721435546875   0.214599609375
-0.1063232421875   0.416534423828125
0.1033935546875   0.425994873046875
-0.05322265625   -0.1170654296875
-0.0579833984375   0.40960693359375
-0.471588134765625   0.04058837890625
0.0618896484375   0.429443359375
-0.092193603515625   0.281463623046875
0.116058349609375   0.12542724609375
0.577178955078125   -0.3504638671875
0.21783447265625   0.09649658203125
0.0859375   0.3447265625
0.052581787109375   -0.01422119140625
0.153472900390625   0.0889892578125
0.2061767578125   -0.019439697265625
-0.047607421875   0.146636962890625
-0.34442138671875   -0.173431396484375
0.341094970703125   -0.066253662109375
0.288818359375   -0.099334716796875
0.2137451171875   -0.561431884765625
0.118255615234375   0.47320556640625
-0.2740478515625   -0.010528564453125
0.403167724609375   -0.661224365234375
-0.148773193359375   0.578125
-0.400909423828125   0.24383544921875
0.425567626953125   0.541229248046875
0.19091796875   -0.0115966796875
-0.108612060546875   0.135589599609375
-0.25762939453125   -0.041961669921875
0.269744873046875   0.35546875
0.218170166015625   0.23492431640625
-0.0123291015625   0.144775390625
-0.117950439453125   -0.32818603515625
-0.788909912109375   -0.45440673828125
0.07025146484375   0.1846923828125
0.12255859375   -0.1612548828125
0.311431884765625   -0.2081298828125
-0.11541748046875   0.046539306640625
0.15545654296875   -0.114105224609375
0.11077880859375   -0.520721435546875
0.056549072265625   -0.066497802734375
-0.260894775390625   0.48577880859375
-0.330047607421875   0.30810546875
-0.223297119140625   0.30523681640625
-0.01702880859375   0.00311279296875
-0.069610595703125   -0.290069580078125
0.068206787109375   0.27288818359375
-0.2020263671875   0.40521240234375
-0.00048828125   0.15716552734375
-0.368865966796875   0.41998291015625
0.06683349609375   -0.09619140625
0.230926513671875   -0.05963134765625
0.080047607421875   0.075469970703125
-0.33111572265625   0.04400634765625
0.316436767578125   -0.433013916015625
0.075469970703125   0.336578369140625
0.162109375   0.16357421875
0.07611083984375   -0.066741943359375
0.2381591796875   -0.084381103515625
0.149383544921875   0.30560302734375
0.1044921875   0.08502197265625
0.30889892578125   0.051788330078125
-0.238861083984375   0.19219970703125
0.518035888671875   0.026275634765625
0.322601318359375   0.115020751953125
-0.1947021484375   0.267059326171875
-0.43524169921875   -0.248504638671875
-0.13671875   0.306732177734375
0.031005859375   0.422119140625
0.43011474609375   0.173675537109375
0.1741943359375   0.109283447265625
0.31146240234375   -0.1282958984375
-0.3658447265625   -0.13897705078125
-0.0096435546875   -0.14508056640625
0.19873046875   -0.248809814453125
0.02337646484375   0.10467529296875
0.310211181640625   0.136505126953125
0.35931396484375   0.137542724609375
0.615997314453125   -0.11865234375
-0.243988037109375   0.1513671875
-0.351287841796875   -0.27008056640625
0.0030517578125   0.4677734375
0.47283935546875   -0.397705078125
-0.0806884765625   0.1102294921875
0.15185546875   0.2197265625
-0.211395263671875   0.1357421875
0.0037841796875   0.267425537109375
0.065704345703125   0.29638671875
0.100799560546875   -0.06591796875
0.400634765625   -0.104278564453125
-0.034454345703125   0.1236572265625
-0.317108154296875   -0.307769775390625
-0.1751708984375   0.195709228515625
0.17474365234375   -0.120086669921875
-0.484100341796875   -0.11285400390625
-0.318695068359375   0.134918212890625
-0.02423095703125   -0.052093505859375
0.207733154296875   0.177093505859375
0.6339111328125   0.096405029296875
-0.186309814453125   -0.00360107421875
-0.148193359375   -0.26605224609375
-0.10357666015625   0.01727294921875
0.192596435546875   0.032196044921875
0.011505126953125   -0.392578125
0.24664306640625   0.000732421875
0.02978515625   0.273284912109375
-0.1688232421875   -0.101959228515625
0.10626220703125   -0.520111083984375
0.04345703125   0.202484130859375
-0.15155029296875   -0.446929931640625
0.02105712890625   0.27093505859375
0.03875732421875   -0.013458251953125
-0.012359619140625   -0.044036865234375
-0.07745361328125   -0.269317626953125
0.259918212890625   -0.0518798828125
-0.14288330078125   0.0499267578125
0.013214111328125   -0.40087890625
0.081512451171875   -0.210235595703125
0.300201416015625   0.01788330078125
-0.219329833984375   -0.33551025390625
-0.001373291015625   0.53350830078125
-0.301971435546875   -0.275238037109375
0.36083984375   -0.004241943359375
0.106048583984375   0.31781005859375
0.238525390625   -0.008697509765625
0.14215087890625   -0.185791015625
-0.510284423828125   0.07843017578125
-0.1251220703125   0.11138916015625
0.084014892578125   0.6424560546875
0.31591796875   -0.013916015625
-0.079193115234375   0.223663330078125
0.080413818359375   -0.089752197265625
-0.060302734375   0.21112060546875
0.08612060546875   -0.1082763671875
-0.20794677734375   0.0155029296875
0.259521484375   -0.470306396484375
-0.087860107421875   0.359130859375
-0.12701416015625   0.147125244140625
-0.287078857421875   -0.065887451171875
-0.2823486328125   -0.009490966796875
-0.09814453125   0.847869873046875
0.256378173828125   0.628143310546875
-0.2579345703125   -0.394287109375
0.2164306640625   0.60260009765625
-0.14453125   -0.18939208984375
0.080169677734375   -0.098297119140625
0.157135009765625   0.0960693359375
0.11737060546875   0.282958984375
0.1011962890625   -0.05267333984375
-0.282196044921875   0.230377197265625
-0.561065673828125   -0.046417236328125
-0.219970703125   -0.46142578125
-0.207366943359375   0.215911865234375
-0.16796875   0.115020751953125
-0.082122802734375   0.090423583984375
0.164093017578125   -0.420318603515625
-0.099822998046875   0.24700927734375
0.318603515625   0.384185791015625
0.26129150390625   0.058349609375
0.19989013671875   -0.109527587890625
0.3865966796875   0.067230224609375
-0.483001708984375   0.343994140625
-0.269989013671875   0.015045166015625
0.200164794921875   -0.14752197265625
-0.404937744140625   -0.20086669921875
0.087921142578125   -0.2550048828125
-0.136077880859375   -0.48333740234375
-0.242889404296875   -0.264862060546875
-0.2755126953125   -0.61492919921875
0.017578125   -0.313323974609375
0.0457763671875   0.38873291015625
0.11407470703125   0.003875732421875
0.413330078125   0.42559814453125
0.068878173828125   0.051605224609375
-0.10784912109375   -0.121612548828125
-0.2381591796875   0.226715087890625
-0.502288818359375   -0.2711181640625
-0.029510498046875   0.7093505859375
-0.1737060546875   0.48175048828125
0.1873779296875   0.150238037109375
-0.27752685546875   -0.345947265625
-0.04852294921875   0.099334716796875
0.09637451171875   0.26788330078125
-0.159698486328125   0.076507568359375
-0.14093017578125   0.200592041015625
0.304534912109375   0.335723876953125
-0.277130126953125   0.428985595703125
0.0609130859375   -0.15728759765625
0.133392333984375   -0.225830078125
0.38555908203125   0.2052001953125
-0.0269775390625   -0.029144287109375
-0.359222412109375   0.0355224609375
-0.145721435546875   0.214599609375
-0.1063232421875   0.416534423828125
0.1033935546875   0.425994873046875
-0.05322265625   -0.1170654296875
-0.0579833984375   0.40960693359375
-0.471588134765625   0.04058837890625
0.0618896484375   0.429443359375
-0.092193603515625   0.281463623046875
0.116058349609375   0.12542724609375
0.577178955078125   -0.3504638671875
0.21783447265625   0.09649658203125
0.0859375   0.3447265625
0.052581787109375   -0.01422119140625
0.153472900390625   0.0889892578125
0.2061767578125   -0.019439697265625
-0.047607421875   0.146636962890625
-0.34442138671875   -0.173431396484375
0.341094970703125   -0.066253662109375
0.288818359375   -0.099334716796875
0.2137451171875   -0.561431884765625
0.118255615234375   0.47320556640625
-0.2740478515625   -0.010528564453125
0.403167724609375   -0.661224365234375
-0.148773193359375   0.578125
-0.400909423828125   0.24383544921875
0.425567626953125   0.541229248046875
0.19091796875   -0.0115966796875
-0.108612060546875   0.135589599609375
-0.25762939453125   -0.041961669921875
0.269744873046875   0.35546875
0.218170166015625   0.23492431640625
-0.0123291015625   0.144775390625
-0.117950439453125   -0.32818603515625
-0.788909912109375   -0.45440673828125
0.07025146484375   0.1846923828125
0.12255859375   -0.1612548828125
0.311431884765625   -0.2081298828125
-0.11541748046875   0.046539306640625
0.15545654296875   -0.114105224609375
0.11077880859375   -0.520721435546875
0.056549072265625   -0.066497802734375
-0.260894775390625   0.48577880859375
-0.330047607421875   0.30810546875
-0.223297119140625   0.30523681640625
-0.01702880859375   0.00311279296875
-0.069610595703125   -0.290069580078125
0.068206787109375   0.27288818359375
-0.2020263671875   0.40521240234375
-0.00048828125   0.15716552734375
-0.368865966796875   0.41998291015625
0.06683349609375   -0.09619140625
0.230926513671875   -0.05963134765625
0.080047607421875   0.075469970703125
-0.33111572265625   0.04400634765625
0.316436767578125   -0.433013916015625
0.075469970703125   0.336578369140625
0.162109375   0.16357421875
0.07611083984375   -0.066741943359375
0.2381591796875   -0.084381103515625
0.149383544921875   0.30560302734375
0.1044921875   0.08502197265625
0.30889892578125   0.051788330078125
-0.238861083984375   0.19219970703125
0.518035888671875   0.026275634765625
0.322601318359375   0.115020751953125
-0.1947021484375   0.267059326171875
-0.43524169921875   -0.248504638671875
-0.13671875   0.306732177734375
0.031005859375   0.422119140625
0.43011474609375   0.173675537109375
0.1741943359375   0.109283447265625
0.31146240234375   -0.1282958984375
-0.3658447265625   -0.13897705078125
-0.0096435546875   -0.14508056640625
0.19873046875   -0.248809814453125
0.02337646484375   0.10467529296875
0.310211181640625   0.136505126953125
0.35931396484375   0.137542724609375
0.615997314453125   -0.11865234375
-0.243988037109375   0.1513671875
-0.351287841796875   -0.27008056640625
0.0030517578125   0.4677734375
0.47283935546875   -0.397705078125
-0.0806884765625   0.1102294921875
0.15185546875   0.2197265625
-0.211395263671875   0.1357421875
0.0037841796875   0.267425537109375
0.065704345703125   0.29638671875
0.100799560546875   -0.06591796875
0.400634765625   -0.104278564453125
-0.034454345703125   0.1236572265625
-0.317108154296875   -0.307769775390625
-0.1751708984375   0.195709228515625
0.17474365234375   -0.120086669921875
-0.484100341796875   -0.11285400390625
-0.318695068359375   0.134918212890625
-0.02423095703125   -0.052093505859375
0.207733154296875   0.177093505859375
0.6339111328125   0.096405029296875
-0.186309814453125   -0.00360107421875
-0.148193359375   -0.26605224609375
-0.10357666015625   0.01727294921875
0.192596435546875   0.032196044921875
0.011505126953125   -0.392578125
0.24664306640625   0.000732421875
0.02978515625   0.273284912109375
-0.1688232421875   -0.101959228515625
0.10626220703125   -0.520111083984375
0.04345703125   0.202484130859375
-0.15155029296875   -0.446929931640625
0.02105712890625   0.27093505859375
0.03875732421875   -0.013458251953125
-0.012359619140625   -0.044036865234375
-0.07745361328125   -0.269317626953125
0.259918212890625   -0.0518798828125
-0.14288330078125   0.0499267578125
0.013214111328125   -0.40087890625
0.081512451171875   -0.210235595703125
0.300201416015625   0.01788330078125
-0.219329833984375   -0.33551025390625
-0.001373291015625   0.53350830078125
-0.301971435546875   -0.275238037109375
0.36083984375   -0.004241943359375
0.106048583984375   0.31781005859375
0.238525390625   -0.008697509765625
0.14215087890625   -0.185791015625
-0.510284423828125   0.07843017578125
-0.1251220703125   0.11138916015625
0.084014892578125   0.6424560546875
0.31591796875   -0.013916015625
-0.079193115234375   0.223663330078125
0.080413818359375   -0.089752197265625
-0.060302734375   0.21112060546875
0.046234130859375   -0.019561767578125
-0.2723388671875   0.295989990234375
0.2696533203125   0.028228759765625
0.045379638671875   -0.169647216796875
0.2564697265625   -0.14208984375
-0.193023681640625   0.39044189453125
-0.041473388671875   -0.421875
0.100921630859375   -0.143798828125
-0.414398193359375   0.45550537109375
-0.1572265625   -0.116943359375
0.4951171875   -0.262847900390625
0.1531982421875   -0.1639404296875
-0.039093017578125   0.050323486328125
0.025604248046875   -0.025421142578125
0.04638671875   -0.712371826171875
0.056640625   -0.03277587890625
-0.093841552734375   0.22674560546875
-0.146026611328125   0.210418701171875
0.17724609375   -0.015655517578125
-0.0782470703125   0.1373291015625
0.270721435546875   0.197662353515625
0.186981201171875   -0.219390869140625
-0.16107177734375   -0.157379150390625
0.31396484375   0.727020263671875
0.07061767578125   -0.124481201171875
0.1517333984375   -0.49798583984375
-0.461700439453125   -0.293792724609375
-0.03790283203125   0.10333251953125
0.100921630859375   0.088104248046875
0.059173583984375   0.185455322265625
-0.1759033203125   -0.248504638671875
0.0322265625   0.065460205078125
-0.049591064453125   -0.081817626953125
0.1793212890625   -0.10986328125
0.500885009765625   -0.055999755859375
-0.1905517578125   -0.178192138671875
-0.320587158203125   -0.019561767578125
0.029327392578125   -0.05328369140625
-0.286346435546875   0.068603515625
-0.43212890625   0.315887451171875
0.114501953125   -0.057586669921875
0.672576904296875   0.052978515625
0.05133056640625   0.31854248046875
0.35064697265625   -0.00494384765625
0.318939208984375   0.2021484375
0.283050537109375   -0.44610595703125
-0.483551025390625   0.02972412109375
-0.175048828125   0.25152587890625
-0.07257080078125   0.078216552734375
-0.352935791015625   0.213623046875
0.203521728515625   -0.66754150390625
-0.0972900390625   0.319976806640625
0.147430419921875   -0.352813720703125
-0.1279296875   -0.11383056640625
-0.17999267578125   -0.12725830078125
0.3455810546875   0.2138671875
0.1290283203125   0.918731689453125
0.0657958984375   -0.052886962890625
0.209136962890625   -0.42279052734375
-0.146697998046875   -0.1468505859375
0.297119140625   0.0606689453125
-0.207366943359375   0.7481689453125
-0.19134521484375   -0.27545166015625
-0.04400634765625   0.066497802734375
-0.471588134765625   0.04058837890625
0.0618896484375   0.429443359375
-0.092193603515625   0.281463623046875
0.116058349609375   0.12542724609375
0.577178955078125   -0.3504638671875
0.21783447265625   0.09649658203125
0.0859375   0.3447265625
0.052581787109375   -0.01422119140625
0.153472900390625   0.0889892578125
0.2061767578125   -0.019439697265625
-0.047607421875   0.146636962890625
-0.34442138671875   -0.173431396484375
0.341094970703125   -0.066253662109375
0.288818359375   -0.099334716796875
0.2137451171875   -0.561431884765625
0.118255615234375   0.47320556640625
-0.2740478515625   -0.010528564453125
0.403167724609375   -0.661224365234375
-0.148773193359375   0.578125
-0.400909423828125   0.24383544921875
0.425567626953125   0.541229248046875
0.19091796875   -0.0115966796875
-0.108612060546875   0.135589599609375
-0.25762939453125   -0.041961669921875
0.269744873046875   0.35546875
0.218170166015625   0.23492431640625
-0.0123291015625   0.144775390625
-0.117950439453125   -0.32818603515625
-0.788909912109375   -0.45440673828125
0.07025146484375   0.1846923828125
0.12255859375   -0.1612548828125
0.311431884765625   -0.2081298828125
-0.11541748046875   0.046539306640625
0.15545654296875   -0.114105224609375
0.11077880859375   -0.520721435546875
0.056549072265625   -0.066497802734375
-0.260894775390625   0.48577880859375
-0.330047607421875   0.30810546875
-0.223297119140625   0.30523681640625
-0.01702880859375   0.00311279296875
-0.069610595703125   -0.290069580078125
0.068206787109375   0.27288818359375
-0.2020263671875   0.40521240234375
-0.00048828125   0.15716552734375
-0.368865966796875   0.41998291015625
0.06683349609375   -0.09619140625
0.230926513671875   -0.05963134765625
0.080047607421875   0.075469970703125
-0.33111572265625   0.04400634765625
0.316436767578125   -0.433013916015625
0.075469970703125   0.336578369140625
0.162109375   0.16357421875
0.07611083984375   -0.066741943359375
0.2381591796875   -0.084381103515625
0.149383544921875   0.30560302734375
0.1044921875   0.08502197265625
0.30889892578125   0.051788330078125
-0.238861083984375   0.19219970703125
0.518035888671875   0.026275634765625
0.322601318359375   0.115020751953125
-0.1947021484375   0.267059326171875
-0.43524169921875   -0.248504638671875
-0.13671875   0.306732177734375
0.031005859375   0.422119140625
0.43011474609375   0.173675537109375
0.1741943359375   0.109283447265625
0.31146240234375   -0.1282958984375
-0.3658447265625   -0.13897705078125
-0.0096435546875   -0.14508056640625
0.19873046875   -0.248809814453125
0.02337646484375   0.10467529296875
0.310211181640625   0.136505126953125
0.35931396484375   0.137542724609375
0.615997314453125   -0.11865234375
-0.243988037109375   0.1513671875
-0.351287841796875   -0.27008056640625
0.0030517578125   0.4677734375
0.47283935546875   -0.397705078125
-0.0806884765625   0.1102294921875
0.15185546875   0.2197265625
-0.211395263671875   0.1357421875
0.0037841796875   0.267425537109375
0.065704345703125   0.29638671875
0.100799560546875   -0.06591796875
0.400634765625   -0.104278564453125
-0.034454345703125   0.1236572265625
-0.317108154296875   -0.307769775390625
-0.1751708984375   0.195709228515625
0.17474365234375   -0.120086669921875
-0.484100341796875   -0.11285400390625
-0.318695068359375   0.134918212890625
-0.02423095703125   -0.052093505859375
0.207733154296875   0.177093505859375
0.6339111328125   0.096405029296875
-0.186309814453125   -0.00360107421875
-0.148193359375   -0.26605224609375
-0.10357666015625   0.01727294921875
0.192596435546875   0.032196044921875
0.011505126953125   -0.392578125
0.24664306640625   0.000732421875
0.02978515625   0.273284912109375
-0.1688232421875   -0.101959228515625
0.10626220703125   -0.520111083984375
0.04345703125   0.202484130859375
-0.15155029296875   -0.446929931640625
0.02105712890625   0.27093505859375
0.03875732421875   -0.013458251953125
-0.012359619140625   -0.044036865234375
-0.07745361328125   -0.269317626953125
0.259918212890625   -0.0518798828125
-0.14288330078125   0.0499267578125
0.013214111328125   -0.40087890625
0.081512451171875   -0.210235595703125
0.300201416015625   0.01788330078125
-0.219329833984375   -0.33551025390625
-0.001373291015625   0.53350830078125
-0.301971435546875   -0.275238037109375
0.36083984375   -0.004241943359375
0.106048583984375   0.31781005859375
0.238525390625   -0.008697509765625
0.14215087890625   -0.185791015625
-0.510284423828125   0.07843017578125
-0.1251220703125   0.11138916015625
0.084014892578125   0.6424560546875
0.31591796875   -0.013916015625
-0.079193115234375   0.223663330078125
0.080413818359375   -0.089752197265625
-0.060302734375   0.21112060546875
0.046234130859375   -0.019561767578125
-0.2723388671875   0.295989990234375
0.2696533203125   0.028228759765625
0.045379638671875   -0.169647216796875
0.2564697265625   -0.14208984375
-0.193023681640625   0.39044189453125
-0.041473388671875   -0.421875
0.100921630859375   -0.143798828125
-0.414398193359375   0.45550537109375
-0.1572265625   -0.116943359375
0.4951171875   -0.262847900390625
0.1531982421875   -0.1639404296875
-0.039093017578125   0.050323486328125
0.025604248046875   -0.025421142578125
0.04638671875   -0.712371826171875
0.056640625   -0.03277587890625
-0.093841552734375   0.22674560546875
-0.146026611328125   0.210418701171875
0.17724609375   -0.015655517578125
-0.0782470703125   0.1373291015625
0.270721435546875   0.197662353515625
0.186981201171875   -0.219390869140625
-0.16107177734375   -0.157379150390625
0.31396484375   0.727020263671875
0.07061767578125   -0.124481201171875
0.1517333984375   -0.49798583984375
-0.461700439453125   -0.293792724609375
-0.03790283203125   0.10333251953125
0.100921630859375   0.088104248046875
0.059173583984375   0.185455322265625
-0.1759033203125   -0.248504638671875
0.0322265625   0.065460205078125
-0.049591064453125   -0.081817626953125
0.1793212890625   -0.10986328125
0.500885009765625   -0.055999755859375
-0.1905517578125   -0.178192138671875
-0.320587158203125   -0.019561767578125
0.029327392578125   -0.05328369140625
-0.286346435546875   0.068603515625
-0.43212890625   0.315887451171875
0.114501953125   -0.057586669921875
0.672576904296875   0.052978515625
0.05133056640625   0.31854248046875
0.35064697265625   -0.00494384765625
0.318939208984375   0.2021484375
0.283050537109375   -0.44610595703125
-0.483551025390625   0.02972412109375
-0.175048828125   0.25152587890625
-0.07257080078125   0.078216552734375
-0.352935791015625   0.213623046875
0.203521728515625   -0.66754150390625
-0.0972900390625   0.319976806640625
0.147430419921875   -0.352813720703125
-0.1279296875   -0.11383056640625
-0.17999267578125   -0.12725830078125
0.3455810546875   0.2138671875
0.1290283203125   0.918731689453125
0.0657958984375   -0.052886962890625
0.209136962890625   -0.42279052734375
-0.146697998046875   -0.1468505859375
0.297119140625   0.0606689453125
-0.207366943359375   0.7481689453125
-0.19134521484375   -0.27545166015625
-0.04400634765625   0.066497802734375
0.178741455078125   -0.058868408203125
-0.08074951171875   -0.16314697265625
-0.358734130859375   -0.43121337890625
-0.145172119140625   0.239898681640625
-0.201629638671875   -0.182861328125
-0.208587646484375   0.0858154296875
-0.054046630859375   -0.347564697265625
0.18719482421875   -0.0562744140625
0.067291259765625   -0.612457275390625
-0.173614501953125   -0.176422119140625
0.3653564453125   -0.59564208984375
-0.093658447265625   -0.157562255859375
0.4766845703125   0.273529052734375
0.10009765625   -0.294677734375
0.2462158203125   0.5369873046875
-0.012420654296875   -0.1888427734375
-0.11541748046875   -0.0701904296875
-0.361114501953125   -0.106597900390625
0.016845703125   0.195556640625
-0.032073974609375   0.21954345703125
-0.332977294921875   -0.0018310546875
-0.086761474609375   -0.4970703125
-0.224456787109375   0.319000244140625
0.041656494140625   -0.080230712890625
0.050933837890625   -0.22418212890625
-0.16339111328125   -0.019134521484375
-0.0921630859375   0.2618408203125
-0.060394287109375   0.474365234375
-0.051055908203125   -0.03729248046875
-0.3543701171875   -0.005859375
-0.122283935546875   0.307525634765625
0.11859130859375   -0.159332275390625
-0.07916259765625   -0.13763427734375
0.151824951171875   0.03076171875
-0.068939208984375   -0.033843994140625
-0.037109375   0.242919921875
0.2125244140625   0.037750244140625
0.0079345703125   0.11309814453125
-0.113372802734375   0.315155029296875
-0.226898193359375   -0.25909423828125
-0.040008544921875   -0.299774169921875
-0.607177734375   -0.066986083984375
0.381927490234375   -0.013031005859375
0.0888671875   0.0625
0.478851318359375   0.276885986328125
-0.14892578125   -0.042022705078125
0.27191162109375   0.67266845703125
0.024505615234375   0.454071044921875
0.111541748046875   0.191558837890625
-0.10321044921875   -0.335601806640625
-0.07080078125   -0.00189208984375
-0.474456787109375   -0.047607421875
0.257720947265625   -0.484344482421875
0.391632080078125   -0.065185546875
0.20703125   0.12225341796875
-0.36529541015625   -0.058502197265625
-0.03253173828125   -0.161651611328125
0.076904296875   0.329315185546875
0.449676513671875   0.491973876953125
0.199737548828125   -0.0853271484375
-0.369842529296875   -0.482147216796875
0.18255615234375   -0.211944580078125
0.33721923828125   0.261444091796875
-0.221893310546875   -0.034881591796875
