0.08612060546875   -0.1082763671875
-0.20794677734375   0.0155029296875
0.259521484375   -0.470306396484375
-0.087860107421875   0.359130859375
-0.12701416015625   0.147125244140625
-0.287078857421875   -0.065887451171875
-0.2823486328125   -0.009490966796875
-0.09814453125   0.847869873046875
0.256378173828125   0.628143310546875
-0.2579345703125   -0.394287109375
0.2164306640625   0.60260009765625
-0.14453125   -0.18939208984375
0.080169677734375   -0.098297119140625
0.157135009765625   0.0960693359375
0.11737060546875   0.282958984375
0.1011962890625   -0.05267333984375
-0.282196044921875   0.230377197265625
-0.561065673828125   -0.046417236328125
-0.219970703125   -0.46142578125
-0.207366943359375   0.215911865234375
-0.16796875   0.115020751953125
-0.082122802734375   0.090423583984375
0.164093017578125   -0.420318603515625
-0.099822998046875   0.24700927734375
0.318603515625   0.384185791015625
0.26129150390625   0.058349609375
0.19989013671875   -0.109527587890625
0.3865966796875   0.067230224609375
-0.483001708984375   0.343994140625
-0.269989013671875   0.015045166015625
0.200164794921875   -0.14752197265625
-0.404937744140625   -0.20086669921875
0.087921142578125   -0.2550048828125
-0.136077880859375   -0.48333740234375
-0.242889404296875   -0.264862060546875
-0.2755126953125   -0.61492919921875
0.017578125   -0.313323974609375
0.0457763671875   0.38873291015625
0.11407470703125   0.003875732421875
0.413330078125   0.42559814453125
0.068878173828125   0.051605224609375
-0.10784912109375   -0.121612548828125
-0.2381591796875   0.226715087890625
-0.502288818359375   -0.2711181640625
-0.029510498046875   0.7093505859375
-0.1737060546875   0.48175048828125
0.1873779296875   0.150238037109375
-0.27752685546875   -0.345947265625
-0.04852294921875   0.099334716796875
0.09637451171875   0.26788330078125
-0.159698486328125   0.076507568359375
-0.14093017578125   0.200592041015625
0.304534912109375   0.335723876953125
-0.277130126953125   0.428985595703125
0.0609130859375   -0.15728759765625
0.133392333984375   -0.225830078125
0.38555908203125   0.2052001953125
-0.0269775390625   -0.029144287109375
-0.359222412109375   0.0355224609375
-0.145721435546875   0.214599609375
-0.1063232421875   0.416534423828125
0.1033935546875   0.425994873046875
-0.05322265625   -0.1170654296875
-0.0579833984375   0.40960693359375
-0.471588134765625   0.04058837890625
0.0618896484375   0.429443359375
-0.092193603515625   0.281463623046875
0.116058349609375   0.12542724609375
0.577178955078125   -0.3504638671875
0.21783447265625   0.09649658203125
0.0859375   0.3447265625
0.052581787109375   -0.01422119140625
0.153472900390625   0.0889892578125
0.2061767578125   -0.019439697265625
-0.047607421875   0.146636962890625
-0.34442138671875   -0.173431396484375
0.341094970703125   -0.066253662109375
0.288818359375   -0.099334716796875
0.2137451171875   -0.561431884765625
0.118255615234375   0.47320556640625
-0.2740478515625   -0.010528564453125
0.403167724609375   -0.661224365234375
-0.148773193359375   0.578125
-0.400909423828125   0.24383544921875
0.425567626953125   0.541229248046875
0.19091796875   -0.0115966796875
-0.108612060546875   0.135589599609375
-0.25762939453125   -0.041961669921875
0.269744873046875   0.35546875
0.218170166015625   0.23492431640625
-0.0123291015625   0.144775390625
-0.117950439453125   -0.32818603515625
-0.788909912109375   -0.45440673828125
0.07025146484375   0.1846923828125
0.12255859375   -0.1612548828125
0.311431884765625   -0.2081298828125
-0.11541748046875   0.046539306640625
0.15545654296875   -0.114105224609375
0.11077880859375   -0.520721435546875
0.056549072265625   -0.066497802734375
-0.260894775390625   0.48577880859375
-0.330047607421875   0.30810546875
-0.223297119140625   0.30523681640625
-0.01702880859375   0.00311279296875
-0.069610595703125   -0.290069580078125
0.068206787109375   0.27288818359375
-0.2020263671875   0.40521240234375
-0.00048828125   0.15716552734375
-0.368865966796875   0.41998291015625
0.06683349609375   -0.09619140625
0.230926513671875   -0.05963134765625
0.080047607421875   0.075469970703125
-0.33111572265625   0.04400634765625
0.316436767578125   -0.433013916015625
0.075469970703125   0.336578369140625
0.162109375   0.16357421875
0.07611083984375   -0.066741943359375
0.2381591796875   -0.084381103515625
0.149383544921875   0.30560302734375
0.1044921875   0.08502197265625
0.30889892578125   0.051788330078125
-0.238861083984375   0.19219970703125
0.518035888671875   0.026275634765625
0.322601318359375   0.115020751953125
-0.1947021484375   0.267059326171875
-0.43524169921875   -0.248504638671875
-0.13671875   0.306732177734375
0.031005859375   0.422119140625
0   0
0   0
0   0
0   0
0   0
0   0
0   0
0   0
0   0
0   0
0   0
0   0
0   0
0   0
0   0
0   0
0   0
0   0
0   0
0   0
0   0
0   0
0   0
0   0
0   0
0   0
0   0
0   0
0   0
0   0
0   0
0   0
0   0
0   0
0   0
0   0
0   0
0   0
0   0
0   0
0   0
0   0
0   0
0   0
0   0
0   0
0   0
0   0
0   0
0   0
0   0
0   0
0   0
0   0
0   0
0   0
0   0
0   0
0   0
0   0
0   0
0   0
0   0
0   0
0   0
0   0
0   0
0   0
0   0
0   0
0   0
0   0
0   0
0   0
0   0
0   0
0   0
0   0
0   0
0   0
0   0
0   0
0   0
0   0
0   0
0   0
0   0
0   0
0   0
0   0
0   0
0   0
0   0
0   0
0   0
0   0
0   0
0   0
0   0
0   0
0   0
0   0
0   0
0   0
0   0
0   0
0   0
0   0
0   0
0   0
0   0
0   0
0   0
0   0
0   0
0   0
0   0
0   0
0   0
0   0
0   0
0   0
0   0
0   0
0   0
0   0
0   0
0   0
-0.471588134765625   0.04058837890625
0.0618896484375   0.429443359375
-0.092193603515625   0.281463623046875
0.116058349609375   0.12542724609375
0.577178955078125   -0.3504638671875
0.21783447265625   0.09649658203125
0.0859375   0.3447265625
0.052581787109375   -0.01422119140625
0.153472900390625   0.0889892578125
0.2061767578125   -0.019439697265625
-0.047607421875   0.146636962890625
-0.34442138671875   -0.173431396484375
0.341094970703125   -0.066253662109375
0.288818359375   -0.099334716796875
0.2137451171875   -0.561431884765625
0.118255615234375   0.47320556640625
-0.2740478515625   -0.010528564453125
0.403167724609375   -0.661224365234375
-0.148773193359375   0.578125
-0.400909423828125   0.24383544921875
0.425567626953125   0.541229248046875
0.19091796875   -0.0115966796875
-0.108612060546875   0.135589599609375
-0.25762939453125   -0.041961669921875
0.269744873046875   0.35546875
0.218170166015625   0.23492431640625
-0.0123291015625   0.144775390625
-0.117950439453125   -0.32818603515625
-0.788909912109375   -0.45440673828125
0.07025146484375   0.1846923828125
0.12255859375   -0.1612548828125
0.311431884765625   -0.2081298828125
-0.11541748046875   0.046539306640625
0.15545654296875   -0.114105224609375
0.11077880859375   -0.520721435546875
0.056549072265625   -0.066497802734375
-0.260894775390625   0.48577880859375
-0.330047607421875   0.30810546875
-0.223297119140625   0.30523681640625
-0.01702880859375   0.00311279296875
-0.069610595703125   -0.290069580078125
0.068206787109375   0.27288818359375
-0.2020263671875   0.40521240234375
-0.00048828125   0.15716552734375
-0.368865966796875   0.41998291015625
0.06683349609375   -0.09619140625
0.230926513671875   -0.05963134765625
0.080047607421875   0.075469970703125
-0.33111572265625   0.04400634765625
0.316436767578125   -0.433013916015625
0.075469970703125   0.336578369140625
0.162109375   0.16357421875
0.07611083984375   -0.066741943359375
0.2381591796875   -0.084381103515625
0.149383544921875   0.30560302734375
0.1044921875   0.08502197265625
0.30889892578125   0.051788330078125
-0.238861083984375   0.19219970703125
0.518035888671875   0.026275634765625
0.322601318359375   0.115020751953125
-0.1947021484375   0.267059326171875
-0.43524169921875   -0.248504638671875
-0.13671875   0.306732177734375
0.031005859375   0.422119140625
0   0
0   0
0   0
0   0
0   0
0   0
0   0
0   0
0   0
0   0
0   0
0   0
0   0
0   0
0   0
0   0
0   0
0   0
0   0
0   0
0   0
0   0
0   0
0   0
0   0
0   0
0   0
0   0
0   0
0   0
0   0
0   0
0   0
0   0
0   0
0   0
0   0
0   0
0   0
0   0
0   0
0   0
0   0
0   0
0   0
0   0
0   0
0   0
0   0
0   0
0   0
0   0
0   0
0   0
0   0
0   0
0   0
0   0
0   0
0   0
0   0
0   0
0   0
0   0
0   0
0   0
0   0
0   0
0   0
0   0
0   0
0   0
0   0
0   0
0   0
0   0
0   0
0   0
0   0
0   0
0   0
0   0
0   0
0   0
0   0
0   0
0   0
0   0
0   0
0   0
0   0
0   0
0   0
0   0
0   0
0   0
0   0
0   0
0   0
0   0
0   0
0   0
0   0
0   0
0   0
0   0
0   0
0   0
0   0
0   0
0   0
0   0
0   0
0   0
0   0
0   0
0   0
0   0
0   0
0   0
0   0
0   0
0   0
0   0
0   0
0   0
0   0
0   0
0   0
0   0
0   0
0   0
0   0
0   0
0   0
0   0
0   0
0   0
0   0
0   0
0   0
0   0
0   0
0   0
0   0
0   0
0   0
0   0
0   0
0   0
0   0
0   0
0   0
0   0
0   0
0   0
0   0
0   0
0   0
0   0
0   0
0   0
0   0
0   0
0   0
0   0
0   0
0   0
0   0
0   0
0   0
0   0
0   0
0   0
0   0
0   0
0   0
0   0
0   0
0   0
0   0
0   0
0   0
0   0
0   0
0   0
0   0
0   0
0   0
0   0
0   0
0   0
