0.47430419921875   0.26495361328125
-0.12384033203125   -0.34112548828125
-0.006317138671875   -0.436920166015625
0.187744140625   0.14996337890625
-0.0384521484375   -0.154083251953125
-0.059967041015625   0.101898193359375
-0.0439453125   0.146636962890625
0.086090087890625   -0.4368896484375
-0.166656494140625   -0.020538330078125
0.160064697265625   -0.152252197265625
0.197479248046875   -0.0506591796875
0.095947265625   -0.12200927734375
0.1123046875   -0.142425537109375
0.314697265625   0.124298095703125
-0.2879638671875   -0.308197021484375
0.112548828125   -0.065216064453125
0.162750244140625   0.35302734375
-0.0380859375   -0.2816162109375
0.05731201171875   0.21014404296875
-0.0748291015625   -0.39739990234375
0.243896484375   -0.14202880859375
-0.34454345703125   -0.45843505859375
0.01385498046875   -0.29107666015625
-0.348907470703125   -0.010986328125
0.069580078125   -0.178558349609375
-0.084503173828125   -0.000732421875
0.16021728515625   0.18548583984375
-0.0633544921875   0.32769775390625
0.49871826171875   -0.00372314453125
0.370635986328125   -0.0709228515625
-0.342926025390625   0.1339111328125
0.32989501953125   -0.3095703125
-0.343292236328125   0.114959716796875
-0.03387451171875   0.06646728515625
-0.14117431640625   -0.08258056640625
0.073333740234375   -0.004730224609375
-0.188873291015625   0.02703857421875
-0.056121826171875   0.008026123046875
-0.2335205078125   0.192901611328125
-0.515350341796875   -0.247955322265625
-0.089599609375   -0.0130615234375
0.161956787109375   0.151031494140625
-0.2525634765625   0.466766357421875
0.341583251953125   -0.17987060546875
-0.17401123046875   0.29022216796875
-0.06549072265625   0.11871337890625
-0.02984619140625   0.11968994140625
-0.490020751953125   -0.18328857421875
0.095367431640625   0.16253662109375
-0.39495849609375   -0.05596923828125
0.355560302734375   -0.08709716796875
-0.237091064453125   -0.24224853515625
0.14617919921875   0.153411865234375
0.153106689453125   0.094970703125
-0.13201904296875   -0.4609375
0.3704833984375   0.02642822265625
0.1907958984375   0.12567138671875
-0.190948486328125   -0.1717529296875
0.573822021484375   -0.213470458984375
0.857879638671875   -0.28009033203125
0.193115234375   0.161468505859375
-0.006988525390625   -0.34344482421875
-0.046112060546875   -0.003692626953125
0.13763427734375   -0.40570068359375
-0.23077392578125   0.237640380859375
0.2659912109375   -0.230499267578125
0.098602294921875   0.472625732421875
-0.1217041015625   0.065032958984375
0.175262451171875   0.373870849609375
0.04864501953125   0.433837890625
0.32427978515625   -0.464447021484375
0.127349853515625   -0.0166015625
0.083038330078125   0.01617431640625
0.258758544921875   0.22113037109375
0.847900390625   0.07501220703125
-0.06866455078125   0.055908203125
-0.328033447265625   -0.430450439453125
0.281646728515625   -0.130218505859375
0.38470458984375   -0.372894287109375
-0.010711669921875   0.19781494140625
-0.342315673828125   -0.190826416015625
0.294189453125   -0.01434326171875
-0.06976318359375   -0.05828857421875
-0.3819580078125   -0.30712890625
0.216400146484375   -0.46630859375
-0.087493896484375   0.40753173828125
-0.206390380859375   -0.017181396484375
-0.006378173828125   0.04803466796875
-0.52301025390625   0.039093017578125
-0.111175537109375   0.028900146484375
0.4083251953125   -0.3582763671875
-0.11065673828125   0.112823486328125
-0.57525634765625   0.709320068359375
0.00921630859375   -0.10162353515625
-0.23272705078125   -0.003448486328125
-0.235595703125   0.00897216796875
-0.32666015625   0.583984375
0.117767333984375   -0.16217041015625
-0.312957763671875   0.183746337890625
0.22393798828125   -0.021240234375
-0.081085205078125   -0.278106689453125
-0.06549072265625   -0.038299560546875
-1   0.21856689453125
0.1373291015625   -0.0802001953125
0.147705078125   -0.3406982421875
0.109619140625   0.185333251953125
0.18206787109375   -0.57305908203125
0.522857666015625   0.04034423828125
0.043487548828125   0.32135009765625
0.416412353515625   -0.3106689453125
-0.30230712890625   0.15252685546875
-0.1461181640625   -0.257843017578125
-0.219329833984375   0.14715576171875
-0.016754150390625   -0.043182373046875
0.272247314453125   0.002685546875
-0.389495849609375   0.40020751953125
-0.319091796875   -0.19622802734375
-0.088714599609375   -0.102508544921875
-0.275360107421875   0.048095703125
0.549072265625   0.234130859375
-0.1190185546875   0.158782958984375
-0.197174072265625   -0.11419677734375
0.21160888671875   0.047454833984375
-0.139984130859375   0.053802490234375
0.29205322265625   -0.02197265625
-0.56964111328125   0.473175048828125
-0.15875244140625   -0.308868408203125
0.10052490234375   -0.328643798828125
0.212127685546875   0.1142578125
0.200592041015625   -0.135284423828125
0.209259033203125   -0.02093505859375
0.20343017578125   -0.268524169921875
-0.013641357421875   0.064453125
-0.407012939453125   0.0670166015625
0.1763916015625   -0.534332275390625
0.342681884765625   0.018402099609375
-0.4180908203125   0.158203125
0.340362548828125   0.131439208984375
-0.365081787109375   0.123138427734375
0.07366943359375   -0.46771240234375
0.09893798828125   -0.049896240234375
0.26544189453125   0.0035400390625
-0.2001953125   -0.407318115234375
-0.196929931640625   -0.519775390625
-0.479278564453125   -0.01373291015625
0.28155517578125   0.15057373046875
-0.18536376953125   0.04571533203125
-0.286468505859375   0.38336181640625
0.024993896484375   -0.287689208984375
-0.103240966796875   -0.090484619140625
0.408050537109375   -0.12530517578125
0.027130126953125   -0.20745849609375
-0.02972412109375   -0.233184814453125
0.057952880859375   0.332122802734375
-0.006195068359375   0.053070068359375
0.230560302734375   0.133697509765625
0.049560546875   0.020294189453125
0.19036865234375   -0.3262939453125
-0.105621337890625   -0.0750732421875
0.164581298828125   -0.21795654296875
0.3836669921875   -0.12408447265625
-0.118499755859375   0.185943603515625
-0.103363037109375   0.44342041015625
0.173553466796875   -0.198638916015625
0.272125244140625   0.306976318359375
0.228851318359375   0.13458251953125
-0.169097900390625   0.4793701171875
0.0316162109375   -0.288482666015625
-0.030487060546875   -0.175506591796875
0.039337158203125   0.106536865234375
-0.008514404296875   -0.258880615234375
0.379974365234375   -0.03070068359375
-0.089141845703125   -0.078460693359375
-0.06524658203125   0.3502197265625
-0.11517333984375   0.082305908203125
-0.09466552734375   0.078369140625
0.002960205078125   0.199859619140625
-0.124420166015625   0.293701171875
-0.212188720703125   -0.4549560546875
-0.0013427734375   0.187652587890625
0.2518310546875   -0.169921875
0.160888671875   0.408416748046875
-0.06658935546875   -0.114410400390625
-0.239288330078125   -0.860626220703125
-0.50634765625   -0.454833984375
0.20770263671875   0.14776611328125
-0.30517578125   0.06439208984375
-0.423095703125   -0.1365966796875
0.068572998046875   0.131378173828125
-0.64837646484375   0.03863525390625
-0.248077392578125   -0.4041748046875
-0.219268798828125   -0.15509033203125
0.215728759765625   -0.142852783203125
-0.296478271484375   -0.19232177734375
0.022308349609375   0.1033935546875
0.1304931640625   -0.269989013671875
0.18609619140625   0.126556396484375
0.12957763671875   0.232177734375
-0.219207763671875   -0.153106689453125
0.121856689453125   -0.05792236328125
-0.20367431640625   -0.00860595703125
-0.51849365234375   -0.242950439453125
0.06634521484375   0.00823974609375
0.2225341796875   -0.28399658203125
0.293426513671875   0.189666748046875
-0.076751708984375   0.029937744140625
-0.38720703125   0.783203125
0.427825927734375   -0.4134521484375
-0.03009033203125   0.116729736328125
0.158111572265625   -0.392547607421875
0.114410400390625   -0.283935546875
-0.3638916015625   -0.49261474609375
-0.07940673828125   -0.182769775390625
0.005767822265625   0.17437744140625
-0.5224609375   -0.024200439453125
0.27099609375   0.3741455078125
0.026641845703125   0.09124755859375
-0.142608642578125   -0.292266845703125
-0.34600830078125   -0.291259765625
-0.023834228515625   -0.08404541015625
-0.29437255859375   0.27935791015625
-0.010009765625   0.157684326171875
-0.21099853515625   0.057220458984375
0.318084716796875   0.39935302734375
0.24932861328125   -0.15936279296875
-0.242279052734375   0.02569580078125
0.16876220703125   -0.114044189453125
-0.1632080078125   -0.178375244140625
-0.07403564453125   -0.074981689453125
0.05474853515625   0.098846435546875
0.551513671875   0.273345947265625
-0.062896728515625   0.2091064453125
-0.0859375   -0.477142333984375
0.274444580078125   0.440673828125
-0.03619384765625   0.294677734375
-0.30389404296875   -0.1640625
0.024871826171875   -0.319488525390625
-0.039031982421875   0.071258544921875
-0.242523193359375   -0.398956298828125
-0.238006591796875   0.18048095703125
0.08636474609375   0.33251953125
0.086090087890625   0.04522705078125
-0.0634765625   0.283843994140625
-0.209197998046875   -0.06976318359375
-0.156829833984375   -0.023956298828125
0.306884765625   -0.21343994140625
-0.158111572265625   -0.15716552734375
0.133514404296875   0.34417724609375
0.638702392578125   0.043243408203125
-0.15234375   -0.113128662109375
0.44940185546875   0.077362060546875
0.22015380859375   0.357757568359375
-0.424346923828125   -0.0361328125
-0.022369384765625   0.3594970703125
-0.208648681640625   -0.178009033203125
-0.076873779296875   -0.34197998046875
-0.23077392578125   0.237640380859375
0.2659912109375   -0.230499267578125
0.098602294921875   0.472625732421875
-0.1217041015625   0.065032958984375
0.175262451171875   0.373870849609375
0.04864501953125   0.433837890625
0.32427978515625   -0.464447021484375
0.127349853515625   -0.0166015625
0.083038330078125   0.01617431640625
0.258758544921875   0.22113037109375
0.847900390625   0.07501220703125
-0.06866455078125   0.055908203125
-0.328033447265625   -0.430450439453125
0.281646728515625   -0.130218505859375
0.38470458984375   -0.372894287109375
-0.010711669921875   0.19781494140625
-0.342315673828125   -0.190826416015625
0.294189453125   -0.01434326171875
-0.06976318359375   -0.05828857421875
-0.3819580078125   -0.30712890625
0.216400146484375   -0.46630859375
-0.087493896484375   0.40753173828125
-0.206390380859375   -0.017181396484375
-0.006378173828125   0.04803466796875
-0.52301025390625   0.039093017578125
-0.111175537109375   0.028900146484375
0.4083251953125   -0.3582763671875
-0.11065673828125   0.112823486328125
-0.57525634765625   0.709320068359375
0.00921630859375   -0.10162353515625
-0.23272705078125   -0.003448486328125
-0.235595703125   0.00897216796875
-0.32666015625   0.583984375
0.117767333984375   -0.16217041015625
-0.312957763671875   0.183746337890625
0.22393798828125   -0.021240234375
-0.081085205078125   -0.278106689453125
-0.06549072265625   -0.038299560546875
-1   0.21856689453125
0.1373291015625   -0.0802001953125
0.147705078125   -0.3406982421875
0.109619140625   0.185333251953125
0.18206787109375   -0.57305908203125
0.522857666015625   0.04034423828125
0.043487548828125   0.32135009765625
0.416412353515625   -0.3106689453125
-0.30230712890625   0.15252685546875
-0.1461181640625   -0.257843017578125
-0.219329833984375   0.14715576171875
-0.016754150390625   -0.043182373046875
0.272247314453125   0.002685546875
-0.389495849609375   0.40020751953125
-0.319091796875   -0.19622802734375
-0.088714599609375   -0.102508544921875
-0.275360107421875   0.048095703125
0.549072265625   0.234130859375
-0.1190185546875   0.158782958984375
-0.197174072265625   -0.11419677734375
0.21160888671875   0.047454833984375
-0.139984130859375   0.053802490234375
0.29205322265625   -0.02197265625
-0.56964111328125   0.473175048828125
-0.15875244140625   -0.308868408203125
0.10052490234375   -0.328643798828125
0.212127685546875   0.1142578125
0.200592041015625   -0.135284423828125
0.209259033203125   -0.02093505859375
0.20343017578125   -0.268524169921875
-0.013641357421875   0.064453125
-0.407012939453125   0.0670166015625
0.1763916015625   -0.534332275390625
0.342681884765625   0.018402099609375
-0.4180908203125   0.158203125
0.340362548828125   0.131439208984375
-0.365081787109375   0.123138427734375
0.07366943359375   -0.46771240234375
0.09893798828125   -0.049896240234375
0.26544189453125   0.0035400390625
-0.2001953125   -0.407318115234375
-0.196929931640625   -0.519775390625
-0.479278564453125   -0.01373291015625
0.28155517578125   0.15057373046875
-0.18536376953125   0.04571533203125
-0.286468505859375   0.38336181640625
0.024993896484375   -0.287689208984375
-0.103240966796875   -0.090484619140625
0.408050537109375   -0.12530517578125
0.027130126953125   -0.20745849609375
-0.02972412109375   -0.233184814453125
0.057952880859375   0.332122802734375
-0.006195068359375   0.053070068359375
0.230560302734375   0.133697509765625
0.049560546875   0.020294189453125
0.19036865234375   -0.3262939453125
-0.105621337890625   -0.0750732421875
0.164581298828125   -0.21795654296875
0.3836669921875   -0.12408447265625
-0.118499755859375   0.185943603515625
-0.103363037109375   0.44342041015625
0.173553466796875   -0.198638916015625
0.272125244140625   0.306976318359375
0.228851318359375   0.13458251953125
-0.169097900390625   0.4793701171875
0.0316162109375   -0.288482666015625
-0.030487060546875   -0.175506591796875
0.039337158203125   0.106536865234375
-0.008514404296875   -0.258880615234375
0.379974365234375   -0.03070068359375
-0.089141845703125   -0.078460693359375
-0.06524658203125   0.3502197265625
-0.11517333984375   0.082305908203125
-0.09466552734375   0.078369140625
0.002960205078125   0.199859619140625
-0.124420166015625   0.293701171875
-0.212188720703125   -0.4549560546875
-0.0013427734375   0.187652587890625
0.2518310546875   -0.169921875
0.160888671875   0.408416748046875
-0.06658935546875   -0.114410400390625
-0.239288330078125   -0.860626220703125
-0.50634765625   -0.454833984375
0.20770263671875   0.14776611328125
-0.30517578125   0.06439208984375
-0.423095703125   -0.1365966796875
0.068572998046875   0.131378173828125
-0.64837646484375   0.03863525390625
-0.248077392578125   -0.4041748046875
-0.219268798828125   -0.15509033203125
0.215728759765625   -0.142852783203125
-0.296478271484375   -0.19232177734375
0.022308349609375   0.1033935546875
0.1304931640625   -0.269989013671875
0.18609619140625   0.126556396484375
0.12957763671875   0.232177734375
-0.219207763671875   -0.153106689453125
0.121856689453125   -0.05792236328125
-0.20367431640625   -0.00860595703125
-0.51849365234375   -0.242950439453125
0.06634521484375   0.00823974609375
0.2225341796875   -0.28399658203125
0.293426513671875   0.189666748046875
-0.076751708984375   0.029937744140625
-0.38720703125   0.783203125
0.427825927734375   -0.4134521484375
-0.03009033203125   0.116729736328125
0.158111572265625   -0.392547607421875
0.114410400390625   -0.283935546875
-0.3638916015625   -0.49261474609375
-0.07940673828125   -0.182769775390625
0.005767822265625   0.17437744140625
-0.5224609375   -0.024200439453125
0.27099609375   0.3741455078125
0.026641845703125   0.09124755859375
-0.142608642578125   -0.292266845703125
-0.34600830078125   -0.291259765625
-0.023834228515625   -0.08404541015625
-0.29437255859375   0.27935791015625
-0.010009765625   0.157684326171875
-0.21099853515625   0.057220458984375
0.318084716796875   0.39935302734375
0.24932861328125   -0.15936279296875
-0.242279052734375   0.02569580078125
0.16876220703125   -0.114044189453125
-0.1632080078125   -0.178375244140625
-0.07403564453125   -0.074981689453125
0.05474853515625   0.098846435546875
0.551513671875   0.273345947265625
-0.062896728515625   0.2091064453125
-0.0859375   -0.477142333984375
0.274444580078125   0.440673828125
-0.03619384765625   0.294677734375
-0.30389404296875   -0.1640625
0.024871826171875   -0.319488525390625
-0.039031982421875   0.071258544921875
-0.242523193359375   -0.398956298828125
-0.238006591796875   0.18048095703125
0.08636474609375   0.33251953125
0.086090087890625   0.04522705078125
-0.0634765625   0.283843994140625
-0.209197998046875   -0.06976318359375
-0.156829833984375   -0.023956298828125
0.306884765625   -0.21343994140625
-0.158111572265625   -0.15716552734375
0.133514404296875   0.34417724609375
0.638702392578125   0.043243408203125
-0.15234375   -0.113128662109375
0.44940185546875   0.077362060546875
0.22015380859375   0.357757568359375
-0.424346923828125   -0.0361328125
-0.022369384765625   0.3594970703125
-0.208648681640625   -0.178009033203125
-0.076873779296875   -0.34197998046875
0.08612060546875   -0.1082763671875
-0.20794677734375   0.0155029296875
0.259521484375   -0.470306396484375
-0.087860107421875   0.359130859375
-0.12701416015625   0.147125244140625
-0.287078857421875   -0.065887451171875
-0.2823486328125   -0.009490966796875
-0.09814453125   0.847869873046875
0.256378173828125   0.628143310546875
-0.2579345703125   -0.394287109375
0.2164306640625   0.60260009765625
-0.14453125   -0.18939208984375
0.080169677734375   -0.098297119140625
0.157135009765625   0.0960693359375
0.11737060546875   0.282958984375
0.1011962890625   -0.05267333984375
-0.282196044921875   0.230377197265625
-0.561065673828125   -0.046417236328125
-0.219970703125   -0.46142578125
-0.207366943359375   0.215911865234375
-0.16796875   0.115020751953125
-0.082122802734375   0.090423583984375
0.164093017578125   -0.420318603515625
-0.099822998046875   0.24700927734375
0.318603515625   0.384185791015625
0.26129150390625   0.058349609375
0.19989013671875   -0.109527587890625
0.3865966796875   0.067230224609375
-0.483001708984375   0.343994140625
-0.269989013671875   0.015045166015625
0.200164794921875   -0.14752197265625
-0.404937744140625   -0.20086669921875
0.087921142578125   -0.2550048828125
-0.136077880859375   -0.48333740234375
-0.242889404296875   -0.264862060546875
-0.2755126953125   -0.61492919921875
0.017578125   -0.313323974609375
0.0457763671875   0.38873291015625
0.11407470703125   0.003875732421875
0.413330078125   0.42559814453125
0.068878173828125   0.051605224609375
-0.10784912109375   -0.121612548828125
-0.2381591796875   0.226715087890625
-0.502288818359375   -0.2711181640625
-0.029510498046875   0.7093505859375
-0.1737060546875   0.48175048828125
0.1873779296875   0.150238037109375
-0.27752685546875   -0.345947265625
-0.04852294921875   0.099334716796875
0.09637451171875   0.26788330078125
-0.159698486328125   0.076507568359375
-0.14093017578125   0.200592041015625
0.304534912109375   0.335723876953125
-0.277130126953125   0.428985595703125
0.0609130859375   -0.15728759765625
0.133392333984375   -0.225830078125
0.38555908203125   0.2052001953125
-0.0269775390625   -0.029144287109375
-0.359222412109375   0.0355224609375
-0.145721435546875   0.214599609375
-0.1063232421875   0.416534423828125
0.1033935546875   0.425994873046875
-0.05322265625   -0.1170654296875
-0.0579833984375   0.40960693359375
