0.43011474609375   0.173675537109375
0.1741943359375   0.109283447265625
0.31146240234375   -0.1282958984375
-0.3658447265625   -0.13897705078125
-0.0096435546875   -0.14508056640625
0.19873046875   -0.248809814453125
0.02337646484375   0.10467529296875
0.310211181640625   0.136505126953125
0.35931396484375   0.137542724609375
0.615997314453125   -0.11865234375
-0.243988037109375   0.1513671875
-0.351287841796875   -0.27008056640625
0.0030517578125   0.4677734375
0.47283935546875   -0.397705078125
-0.0806884765625   0.1102294921875
0.15185546875   0.2197265625
-0.211395263671875   0.1357421875
0.0037841796875   0.267425537109375
0.065704345703125   0.29638671875
0.100799560546875   -0.06591796875
0.400634765625   -0.104278564453125
-0.034454345703125   0.1236572265625
-0.317108154296875   -0.307769775390625
-0.1751708984375   0.195709228515625
0.17474365234375   -0.120086669921875
-0.484100341796875   -0.11285400390625
-0.318695068359375   0.134918212890625
-0.02423095703125   -0.052093505859375
0.207733154296875   0.177093505859375
0.6339111328125   0.096405029296875
-0.186309814453125   -0.00360107421875
-0.148193359375   -0.26605224609375
-0.10357666015625   0.01727294921875
0.192596435546875   0.032196044921875
0.011505126953125   -0.392578125
0.24664306640625   0.000732421875
0.02978515625   0.273284912109375
-0.1688232421875   -0.101959228515625
0.10626220703125   -0.520111083984375
0.04345703125   0.202484130859375
-0.15155029296875   -0.446929931640625
0.02105712890625   0.27093505859375
0.03875732421875   -0.013458251953125
-0.012359619140625   -0.044036865234375
-0.07745361328125   -0.269317626953125
0.259918212890625   -0.0518798828125
-0.14288330078125   0.0499267578125
0.013214111328125   -0.40087890625
0.081512451171875   -0.210235595703125
0.300201416015625   0.01788330078125
-0.219329833984375   -0.33551025390625
-0.001373291015625   0.53350830078125
-0.301971435546875   -0.275238037109375
0.36083984375   -0.004241943359375
0.106048583984375   0.31781005859375
0.238525390625   -0.008697509765625
0.14215087890625   -0.185791015625
-0.510284423828125   0.07843017578125
-0.1251220703125   0.11138916015625
0.084014892578125   0.6424560546875
0.31591796875   -0.013916015625
-0.079193115234375   0.223663330078125
0.080413818359375   -0.089752197265625
-0.060302734375   0.21112060546875
0.046234130859375   -0.019561767578125
-0.2723388671875   0.295989990234375
0.2696533203125   0.028228759765625
0.045379638671875   -0.169647216796875
0.2564697265625   -0.14208984375
-0.193023681640625   0.39044189453125
-0.041473388671875   -0.421875
0.100921630859375   -0.143798828125
-0.414398193359375   0.45550537109375
-0.1572265625   -0.116943359375
0.4951171875   -0.262847900390625
0.1531982421875   -0.1639404296875
-0.039093017578125   0.050323486328125
0.025604248046875   -0.025421142578125
0.04638671875   -0.712371826171875
0.056640625   -0.03277587890625
-0.093841552734375   0.22674560546875
-0.146026611328125   0.210418701171875
0.17724609375   -0.015655517578125
-0.0782470703125   0.1373291015625
0.270721435546875   0.197662353515625
0.186981201171875   -0.219390869140625
-0.16107177734375   -0.157379150390625
0.31396484375   0.727020263671875
0.07061767578125   -0.124481201171875
0.1517333984375   -0.49798583984375
-0.461700439453125   -0.293792724609375
-0.03790283203125   0.10333251953125
0.100921630859375   0.088104248046875
0.059173583984375   0.185455322265625
-0.1759033203125   -0.248504638671875
0.0322265625   0.065460205078125
-0.049591064453125   -0.081817626953125
0.1793212890625   -0.10986328125
0.500885009765625   -0.055999755859375
-0.1905517578125   -0.178192138671875
-0.320587158203125   -0.019561767578125
0.029327392578125   -0.05328369140625
-0.286346435546875   0.068603515625
-0.43212890625   0.315887451171875
0.114501953125   -0.057586669921875
0.672576904296875   0.052978515625
0.05133056640625   0.31854248046875
0.35064697265625   -0.00494384765625
0.318939208984375   0.2021484375
0.283050537109375   -0.44610595703125
-0.483551025390625   0.02972412109375
-0.175048828125   0.25152587890625
-0.07257080078125   0.078216552734375
-0.352935791015625   0.213623046875
0.203521728515625   -0.66754150390625
-0.0972900390625   0.319976806640625
0.147430419921875   -0.352813720703125
-0.1279296875   -0.11383056640625
-0.17999267578125   -0.12725830078125
0.3455810546875   0.2138671875
0.1290283203125   0.918731689453125
0.0657958984375   -0.052886962890625
0.209136962890625   -0.42279052734375
-0.146697998046875   -0.1468505859375
0.297119140625   0.0606689453125
-0.207366943359375   0.7481689453125
-0.19134521484375   -0.27545166015625
-0.04400634765625   0.066497802734375
0.178741455078125   -0.058868408203125
-0.08074951171875   -0.16314697265625
-0.358734130859375   -0.43121337890625
-0.145172119140625   0.239898681640625
-0.201629638671875   -0.182861328125
-0.208587646484375   0.0858154296875
-0.054046630859375   -0.347564697265625
0.18719482421875   -0.0562744140625
0.067291259765625   -0.612457275390625
-0.173614501953125   -0.176422119140625
0.3653564453125   -0.59564208984375
-0.093658447265625   -0.157562255859375
0.4766845703125   0.273529052734375
0.10009765625   -0.294677734375
0.2462158203125   0.5369873046875
-0.012420654296875   -0.1888427734375
-0.11541748046875   -0.0701904296875
-0.361114501953125   -0.106597900390625
0.016845703125   0.195556640625
-0.032073974609375   0.21954345703125
-0.332977294921875   -0.0018310546875
-0.086761474609375   -0.4970703125
-0.224456787109375   0.319000244140625
0.041656494140625   -0.080230712890625
0.050933837890625   -0.22418212890625
-0.16339111328125   -0.019134521484375
-0.0921630859375   0.2618408203125
-0.060394287109375   0.474365234375
-0.051055908203125   -0.03729248046875
-0.3543701171875   -0.005859375
-0.122283935546875   0.307525634765625
0.11859130859375   -0.159332275390625
-0.07916259765625   -0.13763427734375
0.151824951171875   0.03076171875
-0.068939208984375   -0.033843994140625
-0.037109375   0.242919921875
0.2125244140625   0.037750244140625
0.0079345703125   0.11309814453125
-0.113372802734375   0.315155029296875
-0.226898193359375   -0.25909423828125
-0.040008544921875   -0.299774169921875
-0.607177734375   -0.066986083984375
0.381927490234375   -0.013031005859375
0.0888671875   0.0625
0.478851318359375   0.276885986328125
-0.14892578125   -0.042022705078125
0.27191162109375   0.67266845703125
0.024505615234375   0.454071044921875
0.111541748046875   0.191558837890625
-0.10321044921875   -0.335601806640625
-0.07080078125   -0.00189208984375
-0.474456787109375   -0.047607421875
0.257720947265625   -0.484344482421875
0.391632080078125   -0.065185546875
0.20703125   0.12225341796875
-0.36529541015625   -0.058502197265625
-0.03253173828125   -0.161651611328125
0.076904296875   0.329315185546875
0.449676513671875   0.491973876953125
0.199737548828125   -0.0853271484375
-0.369842529296875   -0.482147216796875
0.18255615234375   -0.211944580078125
0.33721923828125   0.261444091796875
-0.221893310546875   -0.034881591796875
0.06005859375   0.589080810546875
-0.378936767578125   -0.14013671875
0.069488525390625   -0.117095947265625
-0.3223876953125   -0.2730712890625
-0.2294921875   -0.302947998046875
0.11474609375   0.046142578125
0.341583251953125   -0.0277099609375
0.058685302734375   0.081298828125
0.317230224609375   0.169158935546875
-0.483856201171875   0.170562744140625
-0.130859375   0.2894287109375
0.0966796875   0.01226806640625
-0.087188720703125   0.47161865234375
-0.36578369140625   0.1298828125
0.094970703125   -0.122711181640625
-0.130035400390625   0.286895751953125
0.388336181640625   0.13018798828125
0.135406494140625   -0.2144775390625
-0.39776611328125   0.08807373046875
0.46673583984375   -0.18280029296875
-0.2542724609375   0.213623046875
-0.197479248046875   -0.137786865234375
0.38873291015625   0.444732666015625
-0.094207763671875   0.07818603515625
0.152557373046875   0.304656982421875
-0.449371337890625   -0.20245361328125
-0.17559814453125   0.197296142578125
0.36749267578125   -0.389892578125
0.114776611328125   0.24847412109375
-0.56732177734375   -0.003997802734375
-0.067596435546875   0.308441162109375
0.197235107421875   0.2108154296875
0.089080810546875   -0.388214111328125
-0.219696044921875   -0.31475830078125
-0.15240478515625   -0.0518798828125
-0.03594970703125   -0.138153076171875
0.057586669921875   0.14520263671875
0.428192138671875   0.510467529296875
0.0343017578125   0.258056640625
-0.22662353515625   -0.363128662109375
-0.21612548828125   -0.3201904296875
0.453582763671875   0.351104736328125
0.16937255859375   -0.142120361328125
0.082733154296875   0.5499267578125
0.19830322265625   -0.65533447265625
0.035552978515625   -0.498779296875
0.17376708984375   0.05865478515625
0.128570556640625   -0.3214111328125
0.16204833984375   0.134429931640625
-0.109893798828125   -0.16033935546875
0.432159423828125   0.240692138671875
-0.09332275390625   -0.2427978515625
0.06561279296875   0.063385009765625
-0.096954345703125   -0.08709716796875
0.0892333984375   -0.23614501953125
-0.026031494140625   -0.041351318359375
0.045135498046875   -0.10040283203125
-0.606475830078125   -0.00042724609375
0.01220703125   0.298248291015625
-0.332916259765625   0.096099853515625
0.050018310546875   -0.1710205078125
-0.037445068359375   0.51800537109375
0.288299560546875   -0.162933349609375
-0.615509033203125   -0.46795654296875
0.046234130859375   -0.019561767578125
-0.2723388671875   0.295989990234375
0.2696533203125   0.028228759765625
0.045379638671875   -0.169647216796875
0.2564697265625   -0.14208984375
-0.193023681640625   0.39044189453125
-0.041473388671875   -0.421875
0.100921630859375   -0.143798828125
-0.414398193359375   0.45550537109375
-0.1572265625   -0.116943359375
0.4951171875   -0.262847900390625
0.1531982421875   -0.1639404296875
-0.039093017578125   0.050323486328125
0.025604248046875   -0.025421142578125
0.04638671875   -0.712371826171875
0.056640625   -0.03277587890625
-0.093841552734375   0.22674560546875
-0.146026611328125   0.210418701171875
0.17724609375   -0.015655517578125
-0.0782470703125   0.1373291015625
0.270721435546875   0.197662353515625
0.186981201171875   -0.219390869140625
-0.16107177734375   -0.157379150390625
0.31396484375   0.727020263671875
0.07061767578125   -0.124481201171875
0.1517333984375   -0.49798583984375
-0.461700439453125   -0.293792724609375
-0.03790283203125   0.10333251953125
0.100921630859375   0.088104248046875
0.059173583984375   0.185455322265625
-0.1759033203125   -0.248504638671875
0.0322265625   0.065460205078125
-0.049591064453125   -0.081817626953125
0.1793212890625   -0.10986328125
0.500885009765625   -0.055999755859375
-0.1905517578125   -0.178192138671875
-0.320587158203125   -0.019561767578125
0.029327392578125   -0.05328369140625
-0.286346435546875   0.068603515625
-0.43212890625   0.315887451171875
0.114501953125   -0.057586669921875
0.672576904296875   0.052978515625
0.05133056640625   0.31854248046875
0.35064697265625   -0.00494384765625
0.318939208984375   0.2021484375
0.283050537109375   -0.44610595703125
-0.483551025390625   0.02972412109375
-0.175048828125   0.25152587890625
-0.07257080078125   0.078216552734375
-0.352935791015625   0.213623046875
0.203521728515625   -0.66754150390625
-0.0972900390625   0.319976806640625
0.147430419921875   -0.352813720703125
-0.1279296875   -0.11383056640625
-0.17999267578125   -0.12725830078125
0.3455810546875   0.2138671875
0.1290283203125   0.918731689453125
0.0657958984375   -0.052886962890625
0.209136962890625   -0.42279052734375
-0.146697998046875   -0.1468505859375
0.297119140625   0.0606689453125
-0.207366943359375   0.7481689453125
-0.19134521484375   -0.27545166015625
-0.04400634765625   0.066497802734375
0.178741455078125   -0.058868408203125
-0.08074951171875   -0.16314697265625
-0.358734130859375   -0.43121337890625
-0.145172119140625   0.239898681640625
-0.201629638671875   -0.182861328125
-0.208587646484375   0.0858154296875
-0.054046630859375   -0.347564697265625
0.18719482421875   -0.0562744140625
0.067291259765625   -0.612457275390625
-0.173614501953125   -0.176422119140625
0.3653564453125   -0.59564208984375
-0.093658447265625   -0.157562255859375
0.4766845703125   0.273529052734375
0.10009765625   -0.294677734375
0.2462158203125   0.5369873046875
-0.012420654296875   -0.1888427734375
-0.11541748046875   -0.0701904296875
-0.361114501953125   -0.106597900390625
0.016845703125   0.195556640625
-0.032073974609375   0.21954345703125
-0.332977294921875   -0.0018310546875
-0.086761474609375   -0.4970703125
-0.224456787109375   0.319000244140625
0.041656494140625   -0.080230712890625
0.050933837890625   -0.22418212890625
-0.16339111328125   -0.019134521484375
-0.0921630859375   0.2618408203125
-0.060394287109375   0.474365234375
-0.051055908203125   -0.03729248046875
-0.3543701171875   -0.005859375
-0.122283935546875   0.307525634765625
0.11859130859375   -0.159332275390625
-0.07916259765625   -0.13763427734375
0.151824951171875   0.03076171875
-0.068939208984375   -0.033843994140625
-0.037109375   0.242919921875
0.2125244140625   0.037750244140625
0.0079345703125   0.11309814453125
-0.113372802734375   0.315155029296875
-0.226898193359375   -0.25909423828125
-0.040008544921875   -0.299774169921875
-0.607177734375   -0.066986083984375
0.381927490234375   -0.013031005859375
0.0888671875   0.0625
0.478851318359375   0.276885986328125
-0.14892578125   -0.042022705078125
0.27191162109375   0.67266845703125
0.024505615234375   0.454071044921875
0.111541748046875   0.191558837890625
-0.10321044921875   -0.335601806640625
-0.07080078125   -0.00189208984375
-0.474456787109375   -0.047607421875
0.257720947265625   -0.484344482421875
0.391632080078125   -0.065185546875
0.20703125   0.12225341796875
-0.36529541015625   -0.058502197265625
-0.03253173828125   -0.161651611328125
0.076904296875   0.329315185546875
0.449676513671875   0.491973876953125
0.199737548828125   -0.0853271484375
-0.369842529296875   -0.482147216796875
0.18255615234375   -0.211944580078125
0.33721923828125   0.261444091796875
-0.221893310546875   -0.034881591796875
0.06005859375   0.589080810546875
-0.378936767578125   -0.14013671875
0.069488525390625   -0.117095947265625
-0.3223876953125   -0.2730712890625
-0.2294921875   -0.302947998046875
0.11474609375   0.046142578125
0.341583251953125   -0.0277099609375
0.058685302734375   0.081298828125
0.317230224609375   0.169158935546875
-0.483856201171875   0.170562744140625
-0.130859375   0.2894287109375
0.0966796875   0.01226806640625
-0.087188720703125   0.47161865234375
-0.36578369140625   0.1298828125
0.094970703125   -0.122711181640625
-0.130035400390625   0.286895751953125
0.388336181640625   0.13018798828125
0.135406494140625   -0.2144775390625
-0.39776611328125   0.08807373046875
0.46673583984375   -0.18280029296875
-0.2542724609375   0.213623046875
-0.197479248046875   -0.137786865234375
0.38873291015625   0.444732666015625
-0.094207763671875   0.07818603515625
0.152557373046875   0.304656982421875
-0.449371337890625   -0.20245361328125
-0.17559814453125   0.197296142578125
0.36749267578125   -0.389892578125
0.114776611328125   0.24847412109375
-0.56732177734375   -0.003997802734375
-0.067596435546875   0.308441162109375
0.197235107421875   0.2108154296875
0.089080810546875   -0.388214111328125
-0.219696044921875   -0.31475830078125
-0.15240478515625   -0.0518798828125
-0.03594970703125   -0.138153076171875
0.057586669921875   0.14520263671875
0.428192138671875   0.510467529296875
0.0343017578125   0.258056640625
-0.22662353515625   -0.363128662109375
-0.21612548828125   -0.3201904296875
0.453582763671875   0.351104736328125
0.16937255859375   -0.142120361328125
0.082733154296875   0.5499267578125
0.19830322265625   -0.65533447265625
0.035552978515625   -0.498779296875
0.17376708984375   0.05865478515625
0.128570556640625   -0.3214111328125
0.16204833984375   0.134429931640625
-0.109893798828125   -0.16033935546875
0.432159423828125   0.240692138671875
-0.09332275390625   -0.2427978515625
0.06561279296875   0.063385009765625
-0.096954345703125   -0.08709716796875
0.0892333984375   -0.23614501953125
-0.026031494140625   -0.041351318359375
0.045135498046875   -0.10040283203125
-0.606475830078125   -0.00042724609375
0.01220703125   0.298248291015625
-0.332916259765625   0.096099853515625
0.050018310546875   -0.1710205078125
-0.037445068359375   0.51800537109375
0.288299560546875   -0.162933349609375
-0.615509033203125   -0.46795654296875
0.3321533203125   0.309112548828125
0.27313232421875   -0.173736572265625
0.228973388671875   -0.4693603515625
0.457305908203125   -0.016357421875
0.287994384765625   -0.262725830078125
0.0921630859375   -0.2784423828125
-0.290557861328125   -0.757781982421875
0.275726318359375   0.48345947265625
0.05267333984375   -0.451507568359375
0.255950927734375   0.180511474609375
0.024139404296875   0.053802490234375
0.0283203125   0.1202392578125
0.26019287109375   0.3841552734375
0.034027099609375   0.043731689453125
-0.303802490234375   -0.021148681640625
-0.1180419921875   0.28497314453125
-0.179901123046875   0.135528564453125
0.04986572265625   0.25201416015625
-0.40008544921875   0.23077392578125
0.049224853515625   0.11529541015625
-0.248565673828125   -0.095001220703125
0.36029052734375   0.270416259765625
0.559112548828125   0.275299072265625
-0.2501220703125   0.66131591796875
0.182525634765625   -0.171844482421875
0.06072998046875   0.171051025390625
-0.478424072265625   0.089080810546875
-0.2646484375   0.24969482421875
0.3511962890625   -0.02947998046875
0.382415771484375   0.183837890625
-0.02728271484375   -0.623504638671875
-0.065826416015625   0.235992431640625
-0.0341796875   0.651611328125
-0.4561767578125   -0.03851318359375
-0.02215576171875   -0.078033447265625
0.09893798828125   -0.028167724609375
-0.181488037109375   0.33233642578125
0.263580322265625   -0.202484130859375
-0.029266357421875   -0.264068603515625
-0.05084228515625   0.014129638671875
0.0941162109375   0.04705810546875
0.215545654296875   -0.16766357421875
0.050079345703125   0.0545654296875
0.44024658203125   -0.053466796875
0.178314208984375   0.028594970703125
-0.050689697265625   0.236846923828125
-0.12139892578125   -0.017303466796875
-0.57464599609375   -0.34478759765625
-0.13018798828125   -0.2900390625
0.196197509765625   0.242156982421875
0.240570068359375   -0.107574462890625
0.06622314453125   -0.170654296875
0.38037109375   -0.608612060546875
-0.08734130859375   -0.167938232421875
0.0687255859375   0.2049560546875
0.07073974609375   -0.10009765625
-0.5462646484375   -0.27935791015625
0.314727783203125   0.567596435546875
-0.294708251953125   -0.13787841796875
-0.361114501953125   -0.242218017578125
-0.28302001953125   0.410400390625
-0.11407470703125   -0.439910888671875
-0.3807373046875   0.108795166015625
0.083160400390625   0.028411865234375
